Masking entity,-0,-0,-0.00%,-0
Abacavir,-1,-43,-97.73%,-44
abiraterone acetate,-9,-6,-40.00%,-15
Absorica,-0,-0,-0.00%,-0
Accutane,-116,-1148,-90.82%,-1264
acetaminophen,-459,-2125,-82.24%,-2584
Aclidinium Bromide,-0,-1,-100.00%,-1
Actemra,-0,-2,-100.00%,-2
Adcetris,-0,-0,-0.00%,-0
Advil,-240,-1010,-80.80%,-1250
Advil PM,-6,-95,-94.06%,-101
Advil Cold and Sinus,-0,-50,-100.00%,-50
Afinitor,-21,-39,-65.00%,-60
Afinitor Disperz,-0,-0,-0.00%,-0
aflibercept,-3,-16,-84.21%,-19
alcaftadine,-0,-0,-0.00%,-0
Aldactone,-57,-444,-88.62%,-501
Aleve,-151,-705,-82.36%,-856
Alglucosidase alfa,-0,-4,-100.00%,-4
Alprazolam,-424,-823,-66.00%,-1247
Amlodipine,-58,-2822,-97.99%,-2880
Amnesteem,-2,-6,-75.00%,-8
Ampyra,-9,-6,-40.00%,-15
Amyvid,-0,-0,-0.00%,-0
Anascorp,-0,-0,-0.00%,-0
Anturol,-0,-3,-100.00%,-3
Arcapta/Onbrez,-1,-4,-80.00%,-5
Argatroban,-1,-10,-90.91%,-11
Arixtra,-1,-5,-83.33%,-6
Asclera,-0,-1,-100.00%,-1
Asparaginase Erwinia chrysanthemi,-1,-0,-0.00%,-1
Atenolol,-574,-6200,-91.53%,-6774
Atorvastatin,-69,-1121,-94.20%,-1190
Aubagio,-85,-30,-26.09%,-115
Auvi-Q,-1,-0,-0.00%,-1
Avanafil,-3,-85,-96.59%,-88
Avandamet,-2,-30,-93.75%,-32
Avandia,-19,-210,-91.70%,-229
Avastin,-217,-89,-29.08%,-306
Avonex,-153,-26,-14.53%,-179
Axitinib,-2,-2,-50.00%,-4
Azilsartan Medoxomil,-0,-10,-100.00%,-10
Belatacept,-0,-0,-0.00%,-0
Belimumab,-1,-2,-66.67%,-3
Belviq,-9,-6,-40.00%,-15
Benlysta,-1,-2,-66.67%,-3
Betaseron,-189,-67,-26.17%,-256
Binosto,-0,-0,-0.00%,-0
Boceprevir,-12,-5,-29.41%,-17
Bosulif,-1,-0,-0.00%,-1
Bosutinib Monohydrate,-7,-1,-12.50%,-8
Botox,-276,-124,-31.00%,-400
Brentuximab vedotin,-0,-0,-0.00%,-0
Brilinta,-9,-63,-87.50%,-72
Bydureon,-7,-5,-41.67%,-12
Cabazitaxel,-5,-10,-66.67%,-15
Cancidas,-0,-0,-0.00%,-0
Carbaglu,-0,-1,-100.00%,-1
Carboplatin,-13,-9,-40.91%,-22
Carfilzomib,-0,-3,-100.00%,-3
Carglumic acid,-0,-0,-0.00%,-0
Ceftaroline foramil,-0,-0,-0.00%,-0
Celebrex,-66,-1555,-95.93%,-1621
Centruroides (scorpion) Immune F(ab)2(equine),-0,-0,-0.00%,-0
Chantix,-22,-124,-84.93%,-146
Choline C 11,-278,-50,-15.24%,-328
Cimzia,-26,-7,-21.21%,-33
Ciprofloxacin,-45,-1553,-97.18%,-1598
Cisplatin,-26,-36,-58.06%,-62
citalopram,-277,-1074,-79.50%,-1351
Clarithromycin,-22,-564,-96.25%,-586
Clobazam,-31,-22,-41.51%,-53
Clonazepam,-651,-1085,-62.50%,-1736
Clostridum histolyticum,-0,-0,-0.00%,-0
clozapine,-597,-1501,-71.54%,-2098
Clozaril,-167,-931,-84.79%,-1098
cobicistat,-0,-0,-0.00%,-0
Combivent,-7,-143,-95.33%,-150
Copaxone,-273,-54,-16.51%,-327
Corifact,-0,-0,-0.00%,-0
Cosopt PF,-0,-0,-0.00%,-0
Coumadin,-108,-2264,-95.45%,-2372
Crestor,-41,-1227,-96.77%,-1268
Crizotinib,-6,-7,-53.85%,-13
Cyclophosphamide,-24,-101,-80.80%,-125
Cymbalta,-471,-2071,-81.47%,-2542
Cystaran,-0,-0,-0.00%,-0
Cytarabine,-2,-7,-77.78%,-9
Dabigatran etexilate mesylate,-10,-81,-89.01%,-91
Dalfampridine,-0,-0,-0.00%,-0
Daliresp,-1,-3,-75.00%,-4
Datscan,-0,-0,-0.00%,-0
Deferiprone,-4,-1,-20.00%,-5
Denosumab,-13,-24,-64.86%,-37
Dexamethasone,-57,-589,-91.18%,-646
Dianeal,-0,-0,-0.00%,-0
Diazepam,-566,-693,-55.04%,-1259
Dificid,-1,-1,-50.00%,-2
Diovan,-80,-3542,-97.79%,-3622
diphenhydramine citrate,-189,-296,-61.03%,-485
Docetaxel,-4,-17,-80.95%,-21
doxorubicin,-18,-22,-55.00%,-40
Drospirenone,-60,-477,-88.83%,-537
Duragesic,-20,-11,-35.48%,-31
Dymista,-3,-1,-25.00%,-4
Edarbi,-1,-22,-95.65%,-23
Edarbyclor,-0,-9,-100.00%,-9
Edurant,-0,-2,-100.00%,-2
Effexor,-608,-1623,-72.75%,-2231
Egrifta,-0,-1,-100.00%,-1
Elelyso,-0,-2,-100.00%,-2
Ella,-0,-0,-0.00%,-0
elvitegravir,-2,-1,-33.33%,-3
emtricitabine,-1,-2,-66.67%,-3
Enbrel,-36,-60,-62.50%,-96
Enzalutamide,-6,-0,-0.00%,-6
Erbitux,-18,-2,-10.00%,-20
Eribulin mesylate,-3,-0,-0.00%,-3
Erivedge,-0,-0,-0.00%,-0
Erlotinib,-11,-28,-71.79%,-39
Erwinaze,-0,-0,-0.00%,-0
Estradiol,-7547,-6151,-44.90%,-13698
Excedrin,-115,-163,-58.63%,-278
Excedrin Migraine,-29,-44,-60.27%,-73
Exelon,-0,-0,-0.00%,-0
Exjade,-6,-12,-66.67%,-18
Exparel,-0,-2,-100.00%,-2
Extavia,-24,-15,-38.46%,-39
Extraneal,-0,-0,-0.00%,-0
Eylea,-15,-10,-40.00%,-25
Ezogabine (retigabine),-5,-0,-0.00%,-5
Fabior,-0,-0,-0.00%,-0
Factor XIII Concentrate (human),-0,-0,-0.00%,-0
Femara,-2155,-1151,-34.82%,-3306
fentanyl,-573,-257,-30.96%,-830
Ferriprox,-1,-1,-50.00%,-2
Fidaxomicin,-3,-4,-57.14%,-7
Fingolimod,-0,-0,-0.00%,-0
Firazyr,-0,-1,-100.00%,-1
Flector,-3,-28,-90.32%,-31
Florbetapir F18,-0,-0,-0.00%,-0
Fluorouracil,-8,-6,-42.86%,-14
Fluoxetine,-326,-1495,-82.10%,-1821
Forfivo XL,-0,-2,-100.00%,-2
Forteo,-0,-8,-100.00%,-8
Fosamax,-15,-247,-94.27%,-262
Gabapentin,-771,-1621,-67.77%,-2392
Gabapentin Enacarbil,-0,-18,-100.00%,-18
GadAvist,-0,-0,-0.00%,-0
Gadobutrol,-0,-0,-0.00%,-0
Geodon,-226,-448,-66.47%,-674
Giazo,-0,-1,-100.00%,-1
Gilenya,-532,-236,-30.73%,-768
Gleevec,-127,-78,-38.05%,-205
Glucarpidase,-0,-0,-0.00%,-0
Halaven,-0,-1,-100.00%,-1
Horizant,-2,-9,-81.82%,-11
Humira,-122,-58,-32.22%,-180
ibuprofen,-820,-4620,-84.93%,-5440
Icatibant Acetate,-0,-1,-100.00%,-1
Incivek,-2,-1,-33.33%,-3
incobotulinumtoxinA,-0,-0,-0.00%,-0
Indacaterol Maleate,-4,-7,-63.64%,-11
Ingenol Mebutate,-0,-1,-100.00%,-1
Inlyta,-1,-2,-66.67%,-3
Intermezzo,-23,-7,-23.33%,-30
Invega Sustenna,-36,-37,-50.68%,-73
Ioflupane 1-123,-1,-0,-0.00%,-1
Ipilimumab,-1,-0,-0.00%,-1
Isentress,-2,-10,-83.33%,-12
Ivacaftor,-2,-2,-50.00%,-4
Jakafi,-2,-1,-33.33%,-3
Janumet XR,-9,-159,-94.64%,-168
Januvia,-27,-339,-92.62%,-366
Jentadueto,-0,-10,-100.00%,-10
Jetrea,-0,-0,-0.00%,-0
Jevtana,-7,-6,-46.15%,-13
Juvisync,-0,-13,-100.00%,-13
Kalydeco,-10,-5,-33.33%,-15
Keppra,-3122,-1650,-34.58%,-4772
Korlym,-0,-0,-0.00%,-0
Krystexxa,-0,-0,-0.00%,-0
Kyprolis,-1,-0,-0.00%,-1
Lamictal,-1952,-1873,-48.97%,-3825
Lamotrigine,-450,-944,-67.72%,-1394
Lantus,-4114,-2012,-32.84%,-6126
Lasix,-61,-1417,-95.87%,-1478
Lastacaft,-0,-0,-0.00%,-0
Latuda,-173,-80,-31.62%,-253
Letairis,-0,-2,-100.00%,-2
Levaquin,-28,-974,-97.21%,-1002
Levetiracetam,-293,-206,-41.28%,-499
Levofloxacin,-22,-601,-96.47%,-623
Linaclotide,-0,-0,-0.00%,-0
Linagliptin (BI 1356),-2,-42,-95.45%,-44
Linzess,-3,-1,-25.00%,-4
Lipitor,-149,-2115,-93.42%,-2264
Liraglutide,-2,-14,-87.50%,-16
Lisinopril,-175,-3623,-95.39%,-3798
Lorazepam,-476,-921,-65.93%,-1397
Lorcaserin,-8,-9,-52.94%,-17
Lotemax,-0,-26,-100.00%,-26
Lucentis,-261,-125,-32.38%,-386
Lucinactant,-0,-0,-0.00%,-0
Lumizyme,-0,-0,-0.00%,-0
Lupron,-141,-126,-47.19%,-267
Lurasidone HCL,-20,-16,-44.44%,-36
Lyrica,-354,-649,-64.71%,-1003
Mabthera,-1,-0,-0.00%,-1
Marqibo Kit,-0,-0,-0.00%,-0
Metformin,-631,-3282,-83.87%,-3913
methadone,-364,-359,-49.65%,-723
Methergine,-3,-2,-40.00%,-5
methotrexate,-106,-804,-88.35%,-910
Mirabegron,-1,-10,-90.91%,-11
Mirena,-130,-135,-50.94%,-265
Mirtazapine,-157,-441,-73.75%,-598
Mitosol,-0,-0,-0.00%,-0
Myrbetriq,-2,-12,-85.71%,-14
Natazia,-12,-5,-29.41%,-17
Natroba,-0,-0,-0.00%,-0
Neurontin,-290,-1169,-80.12%,-1459
Neutroval,-0,-0,-0.00%,-0
Nevirapine,-11,-15,-57.69%,-26
Nexavar,-113,-84,-42.64%,-197
Nexium,-80,-2036,-96.22%,-2116
Niaspan,-3,-117,-97.50%,-120
Nulojix,-0,-0,-0.00%,-0
Ocriplasmin,-0,-1,-100.00%,-1
Odanacatib,-0,-0,-0.00%,-0
Omeprazole,-101,-2003,-95.20%,-2104
Omontys,-0,-1,-100.00%,-1
Omvocate,-0,-0,-0.00%,-0
Onfi,-55,-15,-21.43%,-70
Opana,-65,-30,-31.58%,-95
Orencia,-0,-4,-100.00%,-4
Oxaliplatin,-14,-4,-22.22%,-18
oxycodone,-872,-1390,-61.45%,-2262
OxyContin,-352,-260,-42.48%,-612
Paclitaxel,-0,-0,-0.00%,-0
Paxil,-515,-1853,-78.25%,-2368
Pegasys,-1,-2,-66.67%,-3
Peginesatide,-6,-1,-14.29%,-7
Pegloticase,-0,-0,-0.00%,-0
Perjeta,-5,-1,-16.67%,-6
Pertuzumab,-0,-0,-0.00%,-0
Pertzye,-0,-1,-100.00%,-1
Picato,-0,-1,-100.00%,-1
Plavix,-475,-4921,-91.20%,-5396
Polidocanol,-0,-2,-100.00%,-2
Potiga,-26,-9,-25.71%,-35
Pradaxa,-12,-127,-91.37%,-139
prednisolone,-53,-906,-94.47%,-959
prednisone,-467,-2840,-85.88%,-3307
Premarin,-144,-397,-73.38%,-541
Prepopik,-0,-0,-0.00%,-0
Prezista,-1,-4,-80.00%,-5
Pristiq,-104,-345,-76.84%,-449
Prograf,-35,-171,-83.01%,-206
Prolia,-15,-19,-55.88%,-34
Provenge,-3,-1,-25.00%,-4
Qnasl,-2,-1,-33.33%,-3
Qsymia,-36,-49,-57.65%,-85
Quillivant XR,-17,-1,-5.56%,-18
Ramipril,-30,-1448,-97.97%,-1478
Rayos,-0,-4,-100.00%,-4
Rebif,-158,-25,-13.66%,-183
Regorafenib,-10,-45,-81.82%,-55
Regranex,-0,-0,-0.00%,-0
Remicade,-103,-44,-29.93%,-147
Restasis,-7,-9,-56.25%,-16
Revatio,-15,-456,-96.82%,-471
Revlimid,-2,-35,-94.59%,-37
Ribavirin,-7,-45,-86.54%,-52
Rilpivirine (TMC 278),-0,-3,-100.00%,-3
Risperdal,-393,-902,-69.65%,-1295
risperidone,-357,-756,-67.92%,-1113
Rituximab,-0,-0,-0.00%,-0
rivaroxaban,-7,-46,-86.79%,-53
Roflumilast,-1,-3,-75.00%,-4
Ruxolitinib Phosphate,-13,-25,-65.79%,-38
Seroquel,-1110,-1973,-64.00%,-3083
Sertraline,-287,-622,-68.43%,-909
Simcor,-0,-17,-100.00%,-17
Simponi,-0,-0,-0.00%,-0
Simvastatin,-69,-1674,-96.04%,-1743
Sipuleucel-T,-1,-0,-0.00%,-1
Sklice,-0,-0,-0.00%,-0
Sodium Picosulfate(+),-1,-2,-66.67%,-3
Spinosad,-0,-0,-0.00%,-0
Spiriva,-15,-46,-75.41%,-61
Stelara,-16,-5,-23.81%,-21
Stendra,-11,-91,-89.22%,-102
Stivarga,-24,-11,-31.43%,-35
Stribild,-1,-4,-80.00%,-5
Subsys,-0,-0,-0.00%,-0
Suprax,-3,-145,-97.97%,-148
Suprenza,-0,-1,-100.00%,-1
Surfaxin,-0,-0,-0.00%,-0
suvorexant,-12,-2,-14.29%,-14
Sutent,-7,-10,-58.82%,-17
Synagis,-0,-0,-0.00%,-0
Synthroid,-100,-1460,-93.59%,-1560
Tafluprost,-0,-1,-100.00%,-1
Taliglucerase Alfa,-0,-1,-100.00%,-1
Tarceva,-4,-31,-88.57%,-35
Tasigna,-26,-27,-50.94%,-53
tbo-filgrastim,-3,-3,-50.00%,-6
Teflaro,-0,-2,-100.00%,-2
Tegretol,-1377,-1664,-54.72%,-3041
telaprevir,-15,-5,-25.00%,-20
tenofovir df,-0,-0,-0.00%,-0
Teriflunomide,-0,-0,-0.00%,-0
Tesamorelin,-0,-0,-0.00%,-0
Ticagrelor,-28,-231,-89.19%,-259
Tocilizumab,-3,-1,-25.00%,-4
Tradjenta,-2,-16,-88.89%,-18
tramadol,-578,-2495,-81.19%,-3073
Trokendi XR,-14,-8,-36.36%,-22
Tudorza Pressair,-0,-1,-100.00%,-1
Twynsta,-0,-18,-100.00%,-18
Tysabri,-211,-34,-13.88%,-245
Tyvaso,-0,-0,-0.00%,-0
Ulipristal acetate,-2,-12,-85.71%,-14
Ultresa,-0,-1,-100.00%,-1
Vandetanib,-0,-0,-0.00%,-0
Varenicline,-7,-32,-82.05%,-39
Vascepa,-1,-1,-50.00%,-2
Velaglucerase alfa,-1,-0,-0.00%,-1
Velcade,-1,-41,-97.62%,-42
Vemurafenib,-2,-1,-33.33%,-3
Viagra,-893,-13766,-93.91%,-14659
Victoza,-35,-33,-48.53%,-68
Victrelis,-1,-1,-50.00%,-2
Vidaza,-0,-1,-100.00%,-1
Viibryd,-66,-56,-45.90%,-122
Vilazodone HCL,-7,-3,-30.00%,-10
Vincristine,-16,-12,-42.86%,-28
Viokace,-0,-0,-0.00%,-0
Viread,-1,-11,-91.67%,-12
Vismodegib,-1,-0,-0.00%,-1
Voraxaze,-0,-0,-0.00%,-0
VPRIV,-1,-0,-0.00%,-1
Warfarin,-155,-2770,-94.70%,-2925
Xalatan,-6,-87,-93.55%,-93
Xalkori,-5,-2,-28.57%,-7
Xanax,-1858,-2940,-61.28%,-4798
Xarelto,-21,-72,-77.42%,-93
Xeloda,-8,-124,-93.94%,-132
Xeomin,-2,-2,-50.00%,-4
Xgeva,-7,-7,-50.00%,-14
Xiaflex (Xiapex),-0,-5,-100.00%,-5
Ximino,-0,-0,-0.00%,-0
Xolair,-140,-83,-37.22%,-223
Xtandi,-1,-0,-0.00%,-1
Xyrem,-128,-45,-26.01%,-173
Yasmin,-0,-0,-0.00%,-0
Yaz,-104,-406,-79.61%,-510
Yervoy,-2,-1,-33.33%,-3
Zaltrap,-25,-8,-24.24%,-33
Zelboraf,-0,-0,-0.00%,-0
Zetonna,-0,-0,-0.00%,-0
Zioptan,-0,-2,-100.00%,-2
ziv-aflibercept,-0,-0,-0.00%,-0
Zoloft,-989,-2551,-72.06%,-3540
Zolpidem,-0,-0,-0.00%,-0
Zometa,-21,-62,-74.70%,-83
Zyprexa,-351,-1103,-75.86%,-1454
Zytiga,-1,-2,-66.67%,-3
3D Knee,-0,-0,-0.00%,-0
6 Shooter Saeed Multi-Band Ligator,-0,-0,-0.00%,-0
6F Angio-Seal Vascular Closure Device Vip,-0,-0,-0.00%,-0
840 Ventilator,-0,-0,-0.00%,-0
Ablation catheter,-2,-5,-71.43%,-7
Access 2 Immunoassay System,-0,-0,-0.00%,-0
Acrysof,-0,-0,-0.00%,-0
Acrysof Iq Toric,-0,-0,-0.00%,-0
Acrysof Restor,-0,-0,-0.00%,-0
Advance Bed,-0,-0,-0.00%,-0
All Implantable Cardioverter Defibrillator,-1,-4,-80.00%,-5
All implantable staples,-0,-0,-0.00%,-0
All infusion pumps,-20,-5,-20.00%,-25
All leads,-0,-0,-0.00%,-0
All surgical polymeric mesh,-0,-0,-0.00%,-0
Asr Acetabular Cups 54,-0,-0,-0.00%,-0
Asr Uni Femoral Impl Size 45,-0,-0,-0.00%,-0
Asr Uni Femoral Impl Size 47,-0,-0,-0.00%,-0
Asr Uni Femoral Impl Size 49,-0,-0,-0.00%,-0
Cd Horizon Spinal System,-0,-0,-0.00%,-0
Coated Vicryl Plus Antibacterial (Polyglactin 910),-0,-0,-0.00%,-0
Defibrillator,-11,-22,-66.67%,-33
Durata,-2,-112,-98.25%,-114
Durom Acetabular Component,-0,-0,-0.00%,-0
Endoprosthesis,-0,-0,-0.00%,-0
Eon Rechargeable Ipg, 16-Channel,-0,-0,-0.00%,-0
Flogard,-0,-0,-0.00%,-0
Fmp Hip,-0,-0,-0.00%,-0
Foundation Hip,-0,-0,-0.00%,-0
Foundation Knee,-0,-0,-0.00%,-0
Foundation Shoulder,-0,-0,-0.00%,-0
Gore Excluder Aaa Endoprosthesis,-0,-0,-0.00%,-0
Halo90 Ablation Catheter,-0,-0,-0.00%,-0
Heartmate Ii Lvas,-1,-0,-0.00%,-1
Homechoice Automated Pd Set With Cassette,-0,-0,-0.00%,-0
Homechoice Pro,-0,-0,-0.00%,-0
I-Stat Troponin (Ctni) Cartridge,-0,-0,-0.00%,-0
Infiniti Vision System Ozil,-0,-0,-0.00%,-0
Infusor,-0,-0,-0.00%,-0
Itrel 3,-0,-0,-0.00%,-0
Ivt Disposable,-0,-0,-0.00%,-0
Karl Storz,-0,-0,-0.00%,-0
Minicap,-0,-0,-0.00%,-0
Octrode Lead Kit, 60Cm Length,-0,-0,-0.00%,-0
Programming Software,-0,-0,-0.00%,-0
Radiesse Dermal Filler,-2,-4,-66.67%,-6
Rsp Shoulder,-0,-0,-0.00%,-0
Shiley,-0,-0,-0.00%,-0
Totalcare Bed,-0,-0,-0.00%,-0
Transvenous,-1,-0,-0.00%,-1
Unicel Dxc 600I Synchron Access Clinical System,-0,-0,-0.00%,-0
Unknown Depuy Asr Acetabular Cup,-0,-0,-0.00%,-0
Unknown Depuy Asr Femoral Head,-0,-0,-0.00%,-0
Vasoview Hemopro 2,-0,-0,-0.00%,-0
Versacare Bed,-0,-0,-0.00%,-0
ActHIB,-0,-0,-0.00%,-0
Adacel,-0,-0,-0.00%,-0
Afluria,-0,-0,-0.00%,-0
BioThrax,-0,-0,-0.00%,-0
Boostrix,-0,-0,-0.00%,-0
Cervarix,-0,-0,-0.00%,-0
Comvax,-0,-0,-0.00%,-0
Daptacel,-0,-0,-0.00%,-0
Decavac,-0,-0,-0.00%,-0
Dryvax,-0,-0,-0.00%,-0
dtap,-1,-0,-0.00%,-1
Engerix-B,-1,-0,-0.00%,-1
flu shot,-38,-104,-73.24%,-142
Fluarix,-0,-0,-0.00%,-0
Flulaval,-0,-0,-0.00%,-0
FluMist,-0,-2,-100.00%,-2
Fluvirin,-1,-0,-0.00%,-1
Fluzone,-0,-0,-0.00%,-0
Gardasil,-5,-4,-44.44%,-9
Havrix,-0,-0,-0.00%,-0
Hiberix,-0,-0,-0.00%,-0
Imovax,-0,-0,-0.00%,-0
Infanrix,-1,-0,-0.00%,-1
Ipol,-0,-0,-0.00%,-0
Ixiaro,-0,-0,-0.00%,-0
Kinrix,-0,-0,-0.00%,-0
Menactra,-0,-0,-0.00%,-0
MenHibrix,-0,-0,-0.00%,-0
Menomune,-0,-0,-0.00%,-0
Menveo,-0,-5,-100.00%,-5
MMR II,-0,-0,-0.00%,-0
Pediarix,-0,-0,-0.00%,-0
PedvaxHIB,-0,-0,-0.00%,-0
Pentacel,-0,-0,-0.00%,-0
Pneumovax,-0,-0,-0.00%,-0
Prevnar 13,-2,-0,-0.00%,-2
ProQuad,-0,-0,-0.00%,-0
Rabavert,-0,-0,-0.00%,-0
Recombivax HB,-0,-0,-0.00%,-0
Rotarix,-0,-0,-0.00%,-0
RotaTeq,-0,-0,-0.00%,-0
Tdap,-1,-3,-75.00%,-4
Twinrix,-2,-1,-33.33%,-3
Typhim Vi,-0,-0,-0.00%,-0
vaccine,-132,-135,-50.56%,-267
Vaqta,-0,-1,-100.00%,-1
Varivax,-0,-1,-100.00%,-1
Vivotif,-0,-1,-100.00%,-1
YF-Vax,-0,-0,-0.00%,-0
Zostavax,-2,-11,-84.62%,-13
Pertussis vaccine,-0,-4,-100.00%,-4
Nexafed,-0,-0,-0.00%,-0
Oxytrol,-1,-135,-99.26%,-136
Xeljanz,-2,-1,-33.33%,-3
Saphris,-71,-63,-47.01%,-134
Sycrest,-2,-0,-0.00%,-2
Savella,-30,-222,-88.10%,-252
Tums,-105,-305,-74.39%,-410
Prilosec,-95,-1555,-94.24%,-1650
Minocin,-2,-196,-98.99%,-198
Fycompa,-27,-6,-18.18%,-33
Tikosyn,-2,-53,-96.36%,-55
Zoladex,-19,-39,-67.24%,-58
Trelstar Depot,-0,-0,-0.00%,-0
Vantas,-0,-0,-0.00%,-0
Supprelin LA,-0,-1,-100.00%,-1
Zithromax,-16,-1262,-98.75%,-1278
Azithrocin,-0,-2,-100.00%,-2
Zmax,-0,-9,-100.00%,-9
Azin,-0,-1,-100.00%,-1
Beyaz,-14,-22,-61.11%,-36
Safyral,-2,-7,-77.78%,-9
Ariclaim,-0,-1,-100.00%,-1
Xeristar,-0,-16,-100.00%,-16
Yentreve,-0,-13,-100.00%,-13
Duzela,-0,-65,-100.00%,-65
Sinemet,-17,-191,-91.83%,-208
Nizoral,-33,-441,-93.04%,-474
Extina,-0,-4,-100.00%,-4
Xolegel,-0,-9,-100.00%,-9
Kuric,-0,-4,-100.00%,-4
Omniscan,-0,-2,-100.00%,-2
Makena,-0,-0,-0.00%,-0
Lotronex,-3,-4,-57.14%,-7
Levulan Kerastik,-0,-1,-100.00%,-1
Lindane,-1,-2,-66.67%,-3
Kapvay,-85,-7,-7.61%,-92
Nplate,-5,-7,-58.33%,-12
Caldolor,-0,-0,-0.00%,-0
Proactiv,-1,-3,-75.00%,-4
Plan B,-78,-194,-71.32%,-272
Tagamet,-37,-155,-80.73%,-192
Tylenol,-529,-2399,-81.93%,-2928
Motrin,-60,-1104,-94.85%,-1164
MiraLax,-34,-49,-59.04%,-83
Proscar,-16,-743,-97.89%,-759
Zenpep,-0,-1,-100.00%,-1
Propecia,-49,-2264,-97.88%,-2313
Benicar,-18,-1316,-98.65%,-1334
Cipro,-63,-2012,-96.96%,-2075
Cipro XR,-0,-86,-100.00%,-86
Proquin,-0,-9,-100.00%,-9
Monistat,-7,-64,-90.14%,-71
Colcrys,-0,-64,-100.00%,-64
Solu-Medrol,-20,-34,-62.96%,-54
Relistor,-2,-2,-50.00%,-4
Periochip,-0,-0,-0.00%,-0
Imitrex,-458,-787,-63.21%,-1245
Protamine,-4,-4,-50.00%,-8
Orajel,-3,-4,-57.14%,-7
Dermoplast,-0,-0,-0.00%,-0
Hurricaine,-1,-0,-0.00%,-1
Anbesol,-2,-2,-50.00%,-4
Truvada,-3,-28,-90.32%,-31
Magnevist,-0,-0,-0.00%,-0
Clomid,-2143,-3216,-60.01%,-5359
Menopur,-67,-21,-23.86%,-88
Pergonal,-0,-2,-100.00%,-2
Follistim,-114,-34,-22.97%,-148
Gonal-f,-71,-22,-23.66%,-93
Ritalin,-37623,-24006,-38.95%,-61629
Diprivan,-70,-94,-57.32%,-164
Aspirin,-738,-3657,-83.21%,-4395
Tylenol PM,-17,-310,-94.80%,-327
Yellow fever vaccine,-2,-2,-50.00%,-4
Chickenpox vaccine,-2,-3,-60.00%,-5
Advil Migraine,-3,-5,-62.50%,-8
Hepatitis B vaccine,-4,-5,-55.56%,-9
Meningococcal vaccine,-0,-1,-100.00%,-1
HPV vaccine,-5,-0,-0.00%,-5
Smallpox vaccine,-2,-0,-0.00%,-2
Tylenol 3,-337,-506,-60.02%,-843
Tylenol Cold and Sinus,-1,-32,-96.97%,-33
Typhoid vaccine,-2,-98,-98.00%,-100
Ambien,-1313,-1668,-55.95%,-2981
acetaminophen/codeine phosphate,-0,-10,-100.00%,-10
acetaminophen/diphenhydramine,-0,-0,-0.00%,-0
acetylsalicylic acid,-5,-59,-92.19%,-64
adalimumab,-11,-6,-35.29%,-17
alosetron,-2,-0,-0.00%,-2
aminolevulinic acid,-0,-0,-0.00%,-0
asenapine,-14,-34,-70.83%,-48
azithromycin,-52,-1624,-96.90%,-1676
beclomethasone dipropionate,-1,-10,-90.91%,-11
benzocaine,-17,-18,-51.43%,-35
benzoyl peroxide/salicylic acid,-18,-97,-84.35%,-115
bevacizumab,-37,-16,-30.19%,-53
calcium carbonate,-14,-113,-88.98%,-127
carbamazepine,-709,-1380,-66.06%,-2089
carbidopa/levodopa,-8,-54,-87.10%,-62
celecoxib,-27,-611,-95.77%,-638
certolizumab pegol,-0,-0,-0.00%,-0
chlorhexidine,-7,-14,-66.67%,-21
cimetidine,-58,-181,-75.73%,-239
clomiphene,-159,-661,-80.61%,-820
clonidine hydrochloride,-324,-749,-69.80%,-1073
clopidogrel,-213,-3551,-94.34%,-3764
colchicine,-17,-413,-96.05%,-430
conjugated estrogens,-18,-34,-65.38%,-52
dofetilide,-1,-36,-97.30%,-37
drospirenone and ethinyl estradiol,-20,-366,-94.82%,-386
drospirenone/ethinyl estradiol/levomefolate calcium tablets and levomefolate calcium,-18,-468,-96.30%,-486
duloxetine,-58,-665,-91.98%,-723
emtricitabine/tenofovir disoproxil fumarate,-0,-0,-0.00%,-0
esomeprazole,-27,-722,-96.40%,-749
etanercept,-6,-7,-53.85%,-13
finasteride,-466,-1370,-74.62%,-1836
follicle stimulating hormone,-680,-345,-33.66%,-1025
follitropin alfa injection,-0,-0,-0.00%,-0
furosemide,-60,-1116,-94.90%,-1176
gadodiamide,-0,-0,-0.00%,-0
gadopentetate dimeglumine,-0,-0,-0.00%,-0
gamma-hexachlorocyclohexane,-0,-0,-0.00%,-0
Glatiramer acetate,-14,-2,-12.50%,-16
goserelin,-11,-6,-35.29%,-17
histrelin,-0,-2,-100.00%,-2
hydroxyprogesterone caproate,-1,-2,-66.67%,-3
infliximab,-14,-6,-30.00%,-20
insulin glargine,-48,-42,-46.67%,-90
interferon beta-1a,-24,-1,-4.00%,-25
isotretinoin,-28,-255,-90.11%,-283
ketoconazole,-145,-537,-78.74%,-682
lenalidomide,-1,-33,-97.06%,-34
letrozole,-1039,-629,-37.71%,-1668
leuprolide,-12,-10,-45.45%,-22
leuprorelin,-5,-2,-28.57%,-7
levonorgestrel,-254,-1586,-86.20%,-1840
menotropin,-0,-0,-0.00%,-0
methylnaltrexone bromide,-0,-1,-100.00%,-1
methylphenidate,-8567,-4420,-34.03%,-12987
methylprednisolone sodium succinate,-0,-3,-100.00%,-3
miconazole,-27,-117,-81.25%,-144
milnacipran HCl,-0,-9,-100.00%,-9
minocycline,-18,-411,-95.80%,-429
naproxen,-294,-2142,-87.93%,-2436
natalizumab,-24,-1,-4.00%,-25
olanzapine,-246,-953,-79.48%,-1199
olmesartan,-0,-0,-0.00%,-0
oxybutynin transdermal,-5,-266,-98.15%,-271
pancrelipase,-0,-2,-100.00%,-2
paroxetine,-123,-1156,-90.38%,-1279
perampanel,-4,-0,-0.00%,-4
phentermine and topiramate,-13,-62,-82.67%,-75
polyethylene glycol,-11,-13,-54.17%,-24
pregabalin,-147,-206,-58.36%,-353
propofol,-2532,-1876,-42.56%,-4408
quetiapine,-265,-580,-68.64%,-845
romplostim,-0,-0,-0.00%,-0
Rosiglitazone,-6,-74,-92.50%,-80
sildenafil,-137,-5646,-97.63%,-5783
sitagliptin,-9,-227,-96.19%,-236
sumatriptan succinate,-160,-520,-76.47%,-680
tofacitinib citrate,-0,-0,-0.00%,-0
triptorelin,-28,-8,-22.22%,-36
venlafaxine,-177,-561,-76.02%,-738
ziprasidone,-140,-222,-61.33%,-362
Neupro,-2,-1,-33.33%,-3
rotigotine,-1,-3,-75.00%,-4
Metadate CD,-0,-0,-0.00%,-0
Nootropil,-1,-125,-99.21%,-126
piracetam,-468,-179,-27.67%,-647
gamma-Hydroxybutyric acid,-262,-92,-25.99%,-354
Vimpat,-220,-82,-27.15%,-302
lacosamide,-19,-9,-32.14%,-28
Xyzal,-13,-58,-81.69%,-71
levocetirizine,-2,-80,-97.56%,-82
Zyrtec,-88,-1041,-92.21%,-1129
cetirizine,-35,-307,-89.77%,-342
Tussionex,-7,-9,-56.25%,-16
hydrocodone and chlorpheniramine,-0,-0,-0.00%,-0
Lortab,-60,-474,-88.76%,-534
hydrocodone,-523,-1555,-74.83%,-2078
Anthrax vaccine,-0,-0,-0.00%,-0
Diphtheria vaccine,-1,-0,-0.00%,-1
Hepatitis A vaccine,-2,-0,-0.00%,-2
Herpes vaccine,-0,-1,-100.00%,-1
Measles vaccine,-1,-0,-0.00%,-1
MMR vaccine,-7,-8,-53.33%,-15
Mumps vaccine,-1,-0,-0.00%,-1
Polio vaccine,-2,-0,-0.00%,-2
Rabies vaccine,-2,-2,-50.00%,-4
Rotavirus vaccine,-0,-1,-100.00%,-1
Rubella vaccine,-0,-0,-0.00%,-0
Tetanus vaccine,-4,-4,-50.00%,-8
Tuberculosis vaccine,-1,-0,-0.00%,-1
Tivicay,-0,-1,-100.00%,-1
Simponi Aria,-3,-4,-57.14%,-7
Gilotrif,-0,-0,-0.00%,-0
Mekinist,-0,-0,-0.00%,-0
Tafinlar,-0,-2,-100.00%,-2
Xofigo,-10,-10,-50.00%,-20
Breo Ellipta,-0,-0,-0.00%,-0
Invokana,-12,-10,-45.45%,-22
Tecfidera,-135,-47,-25.82%,-182
Dotarem,-0,-0,-0.00%,-0
Lymphoseek,-0,-0,-0.00%,-0
Osphena,-0,-0,-0.00%,-0
Kadcyla,-0,-0,-0.00%,-0
Pomalyst,-0,-1,-100.00%,-1
Kynamro,-0,-0,-0.00%,-0
Nesina,-1,-7,-87.50%,-8
Eliquis,-3,-7,-70.00%,-10
dolutegravir,-1,-2,-66.67%,-3
golimumab,-1,-1,-50.00%,-2
afatinib,-0,-7,-100.00%,-7
trametinib,-0,-0,-0.00%,-0
dabrafenib,-2,-0,-0.00%,-2
radium Ra 223 dichloride,-1,-0,-0.00%,-1
canagliflozin,-3,-5,-62.50%,-8
dimethyl fumarate,-12,-1,-7.69%,-13
gadoterate meglumine,-0,-0,-0.00%,-0
technetium Tc 99m tilmanocept,-2,-6,-75.00%,-8
ospemifene,-1,-0,-0.00%,-1
ado-trastuzumab emtansine,-0,-0,-0.00%,-0
pomalidomide,-1,-2,-66.67%,-3
mipomersen sodium,-0,-0,-0.00%,-0
alogliptin,-1,-10,-90.91%,-11
apixaban,-3,-21,-87.50%,-24
Vicodin,-573,-1599,-73.62%,-2172
Klonopin,-1105,-1099,-49.86%,-2204
trastuzumab,-18,-11,-37.93%,-29
Herceptin,-46,-39,-45.88%,-85
rituximab-BioOncology,-22,-23,-51.11%,-45
Rituxan,-10,-11,-52.38%,-21
capecitabine,-4,-11,-73.33%,-15
ranibizumab,-32,-20,-38.46%,-52
omalizumab,-44,-26,-37.14%,-70
alteplase,-1,-4,-80.00%,-5
Activase,-0,-2,-100.00%,-2
somatropin,-6,-3,-33.33%,-9
Nutropin AQ,-2,-1,-33.33%,-3
tenecteplase,-1,-2,-66.67%,-3
TNKase,-0,-1,-100.00%,-1
mycophenolate mofetil,-5,-27,-84.38%,-32
CellCept,-18,-120,-86.96%,-138
peginterferon alfa-2a,-0,-1,-100.00%,-1
dornase alfa,-1,-0,-0.00%,-1
Pulmozyme,-40,-17,-29.82%,-57
oseltamivir phosphate,-8,-92,-92.00%,-100
Tamiflu,-12,-302,-96.18%,-314
valganciclovir hydrochloride,-0,-0,-0.00%,-0
Valcyte,-12,-8,-40.00%,-20
Anaprox,-5,-33,-86.84%,-38
ibandronate,-1,-3,-75.00%,-4
Boniva,-5,-93,-94.90%,-98
ganciclovir,-3,-15,-83.33%,-18
Cytovene,-0,-1,-100.00%,-1
EC-Naprosyn,-0,-5,-100.00%,-5
enfuvirtide,-0,-0,-0.00%,-0
Fuzeon,-0,-1,-100.00%,-1
Invirase,-3,-5,-62.50%,-8
saquinavir mesylate,-0,-0,-0.00%,-0
granisetron HCL,-0,-0,-0.00%,-0
Kytril,-3,-54,-94.74%,-57
Naprosyn,-17,-368,-95.58%,-385
ceftriaxone,-15,-49,-76.56%,-64
Rocephin,-3,-25,-89.29%,-28
Roferon-A,-0,-0,-0.00%,-0
flumazenil,-24,-7,-22.58%,-31
Romazicon,-5,-0,-0.00%,-5
Valium,-1003,-1539,-60.54%,-2542
orlistat,-18,-853,-97.93%,-871
Xenical,-19,-1072,-98.26%,-1091
Zenapax,-0,-0,-0.00%,-0
daclizumab,-3,-0,-0.00%,-3
aripiprazole,-81,-407,-83.40%,-488
Abilify,-673,-1400,-67.53%,-2073
efavirenz/emtricitabine/tenofovir disoproxil fumarate,-0,-7,-100.00%,-7
Atripla,-1,-70,-98.59%,-71
Azactam,-1,-1,-50.00%,-2
aztreonam,-8,-5,-38.46%,-13
entecavir,-0,-0,-0.00%,-0
Baraclude,-0,-6,-100.00%,-6
carmustine,-1,-2,-66.67%,-3
Bicnu,-0,-0,-0.00%,-0
buspirone hydrochloride,-114,-454,-79.93%,-568
Buspar,-167,-651,-79.58%,-818
exenatide,-5,-24,-82.76%,-29
Byetta,-24,-84,-77.78%,-108
lomustine,-0,-0,-0.00%,-0
Ceenu,-0,-0,-0.00%,-0
Droxia,-0,-13,-100.00%,-13
hydroxyurea,-1,-33,-97.06%,-34
cetuximab,-13,-0,-0.00%,-13
Etopophos,-0,-1,-100.00%,-1
etoposide phosphate,-9,-36,-80.00%,-45
Glucophage,-30,-832,-96.52%,-862
metformin hydrochloride,-2,-160,-98.77%,-162
glyburide and metformin hydrochloride,-0,-49,-100.00%,-49
Glucovance,-0,-154,-100.00%,-154
Hydrea,-3,-34,-91.89%,-37
Ixempra,-0,-2,-100.00%,-2
ixabepilone,-0,-0,-0.00%,-0
triamcinolone acetonide,-0,-0,-0.00%,-0
Kenalog,-1,-53,-98.15%,-54
Kombiglize,-0,-0,-0.00%,-0
saxagliptin and metformin HCl,-2,-397,-99.50%,-399
Lysodren,-0,-2,-100.00%,-2
mitotane,-0,-2,-100.00%,-2
Megace,-2,-8,-80.00%,-10
megestrol acetate,-2,-9,-81.82%,-11
Metaglip,-0,-17,-100.00%,-17
glipizide and metformin hydrochloride,-0,-0,-0.00%,-0
Onglyza,-19,-1435,-98.69%,-1454
saxagliptin,-13,-1408,-99.09%,-1421
abatacept,-1,-2,-66.67%,-3
Pravachol,-20,-146,-87.95%,-166
pravastatin sodium,-1,-24,-96.00%,-25
Reyataz,-2,-11,-84.62%,-13
atazanavir sulfate,-0,-1,-100.00%,-1
Sprycel,-18,-12,-40.00%,-30
dasatinib,-42,-26,-38.24%,-68
Sustiva,-4,-61,-93.85%,-65
efavirenz,-5,-76,-93.83%,-81
Symlin,-8,-8,-50.00%,-16
pramlintide acetate,-0,-0,-0.00%,-0
Taxol,-22,-31,-58.49%,-53
Teslac,-2,-0,-0.00%,-2
testolactone,-5,-1,-16.67%,-6
Videx,-0,-3,-100.00%,-3
didanosine,-0,-4,-100.00%,-4
Vumon,-0,-0,-0.00%,-0
teniposide,-1,-0,-0.00%,-1
Zerit,-2,-23,-92.00%,-25
stavudine,-0,-5,-100.00%,-5
Dulera,-9,-9,-50.00%,-18
mometasone furoate and formoterol fumarate dihydrate,-0,-0,-0.00%,-0
sitagliptin and metformin HCl,-0,-29,-100.00%,-29
sitagliptin and simvastatin,-0,-27,-100.00%,-27
Liptruzet,-0,-2,-100.00%,-2
ezetimibe and atorvastatin,-0,-5,-100.00%,-5
Sinemet CR,-0,-57,-100.00%,-57
Singulair,-128,-937,-87.98%,-1065
montelukast sodium,-27,-403,-93.72%,-430
Stromectol,-2,-144,-98.63%,-146
ivermectin,-4,-122,-96.83%,-126
Sylatron,-0,-0,-0.00%,-0
peginterferon alfa-2b,-0,-0,-0.00%,-0
Amerge,-42,-19,-31.15%,-61
naratriptan,-40,-27,-40.30%,-67
fluticasone furoate and vilanterol,-1,-5,-83.33%,-6
Ceftin,-3,-181,-98.37%,-184
cefuroxime axetil,-0,-69,-100.00%,-69
Dyazide,-3,-92,-96.84%,-95
hydrochlorothiazide/triamterene,-2,-40,-95.24%,-42
Epivir HBV,-1,-23,-95.83%,-24
lamivudine,-1,-50,-98.04%,-51
Flolan,-1,-0,-0.00%,-1
epoprostenol sodium,-0,-0,-0.00%,-0
Jalyn,-0,-0,-0.00%,-0
dutasteride-tamsulosin hydrochloride,-0,-0,-0.00%,-0
Mepron,-3,-3,-50.00%,-6
atovaquone,-3,-10,-76.92%,-13
raxibacumab,-0,-0,-0.00%,-0
Treximet,-23,-39,-62.90%,-62
sumatriptan and naproxen sodium,-0,-4,-100.00%,-4
Zofran,-154,-636,-80.51%,-790
ondansetron hydrochloride,-0,-35,-100.00%,-35
Zyban,-41,-270,-86.82%,-311
bupropion hydrochloride,-403,-1026,-71.80%,-1429
Alsuma,-1,-10,-90.91%,-11
sumatriptan,-0,-0,-0.00%,-0
Celontin,-0,-3,-100.00%,-3
methsuximide,-0,-1,-100.00%,-1
cladribine,-3,-4,-57.14%,-7
Cytomel,-23,-66,-74.16%,-89
liothyronine sodium,-5,-1,-16.67%,-6
Kemadrin,-1,-15,-93.75%,-16
procyclidine hydrochloride,-0,-0,-0.00%,-0
Lo/Ovral,-16,-391,-96.07%,-407
norgestrel and ethinyl estradiol,-7,-29,-80.56%,-36
Thrombin-JMI,-0,-0,-0.00%,-0
thrombin,-2,-6,-75.00%,-8
Fluarix Quadrivalent,-0,-1,-100.00%,-1
FluLaval Quadrivalent,-0,-0,-0.00%,-0
Pedvax,-0,-0,-0.00%,-0
Aminosyn II,-0,-0,-0.00%,-0
Cubicin,-1,-3,-75.00%,-4
daptomycin,-12,-23,-65.71%,-35
benztropine mesylate,-17,-42,-71.19%,-59
vecuronium bromide,-23,-5,-17.86%,-28
magnesium sulfate,-14,-34,-70.83%,-48
methotrexate sodium,-0,-0,-0.00%,-0
Piperacillin / Tazobactam,-6,-2,-25.00%,-8
ferrous sulfate,-10,-23,-69.70%,-33
mitomycin,-0,-1,-100.00%,-1
hydrocodone and acetaminophen,-1,-3,-75.00%,-4
Zicam,-1,-18,-94.74%,-19
Isovue,-0,-0,-0.00%,-0
iopamidol,-1,-0,-0.00%,-1
nimodipine,-9,-145,-94.16%,-154
leucovorin calcium,-3,-5,-62.50%,-8
Introvale,-0,-2,-100.00%,-2
epinephrine,-172,-104,-37.68%,-276
cyanocobalamin,-6,-11,-64.71%,-17
triamcinolone acetonide,-6,-300,-98.04%,-306
norgestimate and ethinyl estradiol,-47,-98,-67.59%,-145
phenylephrine,-17,-101,-85.59%,-118
bendamustine HCL,-2,-4,-66.67%,-6
Cyclafem,-5,-1,-16.67%,-6
Emoquette,-6,-8,-57.14%,-14
Gildess,-8,-6,-42.86%,-14
Orsythia,-11,-4,-26.67%,-15
Previfem,-4,-4,-50.00%,-8
Tri-Previfem,-6,-1,-14.29%,-7
vasopressin,-29,-13,-30.95%,-42
calcium gluconate,-4,-9,-69.23%,-13
Endocet,-4,-9,-69.23%,-13
Topamax,-4472,-4992,-52.75%,-9464
topiramate,-808,-2497,-75.55%,-3305
irinotecan hydrochloride,-0,-1,-100.00%,-1
amantadine,-24,-206,-89.57%,-230
Androxy,-0,-0,-0.00%,-0
Baclofen,-1540,-3696,-70.59%,-5236
Bethanechol,-2,-21,-91.30%,-23
Jantoven,-6,-52,-89.66%,-58
potassium phosphates,-0,-0,-0.00%,-0
sodium thiosulfate,-3,-0,-0.00%,-3
Metronidazole,-31,-1308,-97.68%,-1339
albuterol,-134,-420,-75.81%,-554
Acetadote,-0,-1,-100.00%,-1
acetylcysteine,-21,-13,-38.24%,-34
Novedex XT,-0,-0,-0.00%,-0
NeoProfen,-0,-4,-100.00%,-4
ibuprofen lysine,-0,-15,-100.00%,-15
Sinex,-0,-0,-0.00%,-0
Benadryl,-475,-1766,-78.80%,-2241
Liposyn,-0,-2,-100.00%,-2
Hylenex,-2,-0,-0.00%,-2
hyaluronidase,-0,-0,-0.00%,-0
Cleviprex,-0,-2,-100.00%,-2
clevidipine butyrate,-0,-0,-0.00%,-0
ketorolac tromethamine,-84,-171,-67.06%,-255
Ipratropium Bromide,-0,-0,-0.00%,-0
albuterol sulfate,-2,-58,-96.67%,-60
Hydroxycut,-3,-18,-85.71%,-21
Symbyax,-9,-27,-75.00%,-36
fluoxetine and olanzapine,-0,-9,-100.00%,-9
Tribenzor,-0,-16,-100.00%,-16
Agrylin,-0,-4,-100.00%,-4
anagrelide,-0,-10,-100.00%,-10
Azulfidine,-1,-66,-98.51%,-67
sulfasalazine,-17,-113,-86.92%,-130
Bactrim,-27,-1203,-97.80%,-1230
sulfamethoxazole and trimethoprim,-0,-14,-100.00%,-14
Bentyl,-37,-131,-77.98%,-168
dicyclomine,-20,-62,-75.61%,-82
Monoject Prefill Flush Syringes,-1,-0,-0.00%,-1
SynchroMed Implantable Infusion System,-0,-8,-100.00%,-8
V60 Ventilator,-0,-0,-0.00%,-0
HT70 Ventilator,-0,-0,-0.00%,-0
FreeStyle lnsulinx Blood Glucose Meter,-0,-0,-0.00%,-0
Guardian II Hemostasis Valve,-0,-0,-0.00%,-0
A3/A5 Anesthesia Delivery System,-0,-0,-0.00%,-0
Symbiq Infusion System,-0,-0,-0.00%,-0
Samaritan 300/300P Defibrillator,-0,-0,-0.00%,-0
Ultra PC% Cabinet Mount Flowmeter,-0,-0,-0.00%,-0
Shiley Tracheostomy Tubes,-0,-0,-0.00%,-0
FLOW-i Anesthesia System,-20,-0,-0.00%,-20
HeartMate II Left Ventricular Assist System,-0,-0,-0.00%,-0
Nicolet Cortical Stimulator Control Unit,-0,-0,-0.00%,-0
AVEA Ventilator,-0,-0,-0.00%,-0
INOMAX DS Drug-Delivery System,-0,-0,-0.00%,-0
Lifeline AED,-0,-0,-0.00%,-0
ReviveR AED,-0,-0,-0.00%,-0
Curlin 6000 CMS Ambulatory Infusion Pump,-0,-0,-0.00%,-0
PainSmart Ambulatory Infusion Pump,-0,-0,-0.00%,-0
ACCU-CHEK FlexLink Plus Infusion Set,-3,-4,-57.14%,-7
NanoCross Dilation Catheter,-0,-0,-0.00%,-0
HiRes 90K Cochlear Implant,-0,-0,-0.00%,-0
Triton Pole Mount Infusion Pump,-0,-0,-0.00%,-0
BagEasy Manual Resuscitation Device,-0,-0,-0.00%,-0
NeuroBalloon Catheter,-0,-0,-0.00%,-0
GlucoPro Syringe,-0,-0,-0.00%,-0
Trailblazer Catheter,-0,-0,-0.00%,-0
ViperSheath Sheath Introducer,-0,-0,-0.00%,-0
Accusure Insulin Syringe,-0,-0,-0.00%,-0
POWERSAIL Coronary Dilatation Catheter,-0,-0,-0.00%,-0
Quick-set Infusion Set,-0,-0,-0.00%,-0
Healon D Ophthalmic Viscosurgical Device,-0,-0,-0.00%,-0
Remoxy,-0,-0,-0.00%,-0
Oxecta,-0,-0,-0.00%,-0
Percocet,-461,-1142,-71.24%,-1603
Percodan,-22,-12,-35.29%,-34
Roxicodone,-32,-12,-27.27%,-44
IONSYS,-0,-0,-0.00%,-0
Fentora,-2,-2,-50.00%,-4
Actiq,-7,-2,-22.22%,-9
Onsolis,-0,-1,-100.00%,-1
Abstral,-0,-1,-100.00%,-1
Lazanda,-0,-0,-0.00%,-0
TussiCaps,-0,-0,-0.00%,-0
hydromorphone,-195,-81,-29.35%,-276
Dilaudid,-247,-118,-32.33%,-365
Exalgo,-3,-2,-40.00%,-5
morphine,-807,-501,-38.30%,-1308
MS Contin,-20,-27,-57.45%,-47
EMBEDA,-0,-4,-100.00%,-4
oxymorphone,-89,-12,-11.88%,-101
Methadose,-4,-4,-50.00%,-8
Dolophine,-13,-5,-27.78%,-18
buprenorphine,-144,-49,-25.39%,-193
Subutex,-0,-0,-0.00%,-0
Suboxone,-242,-288,-54.34%,-530
Zubsolv,-0,-1,-100.00%,-1
Butrans,-5,-6,-54.55%,-11
Ultram,-49,-535,-91.61%,-584
Ultracet,-4,-58,-93.55%,-62
Ryzolt,-0,-1,-100.00%,-1
tapentadol,-7,-12,-63.16%,-19
Nucynta,-25,-25,-50.00%,-50
Daytrana,-213,-47,-18.08%,-260
Concerta ER,-21,-2,-8.70%,-23
amphetamines,-2656,-710,-21.09%,-3366
Adderall,-13316,-6013,-31.11%,-19329
Vyvanse,-3797,-1157,-23.35%,-4954
carisoprodol,-42,-134,-76.14%,-176
Soma,-146,-1233,-89.41%,-1379
Essure,-3,-1,-25.00%,-4
olmesartan medoxomil,-11,-860,-98.74%,-871
ZzzQuil,-16,-3,-15.79%,-19
Celexa,-454,-1549,-77.33%,-2003
Zohydro,-2,-4,-66.67%,-6
OxyElite Pro,-5,-6,-54.55%,-11
Monascus Purpureus,-0,-0,-0.00%,-0
Pneumococcal vaccine,-4,-0,-0.00%,-4
Brazilian Blowout,-0,-0,-0.00%,-0
Meaningful Beauty,-0,-0,-0.00%,-0
Old Spice Endurance,-1,-4,-80.00%,-5
Neutrogena Nourishing Eye Liner,-0,-0,-0.00%,-0
Neutrogena Naturals Moisturizing Night Creams,-1,-1,-50.00%,-2
Lubriderm Lotions,-1,-0,-0.00%,-1
Wen,-0,-0,-0.00%,-0
red yeast rice,-0,-0,-0.00%,-0
Precision Spectra,-0,-0,-0.00%,-0
Restore Sensor,-0,-0,-0.00%,-0
Jazzy,-4,-0,-0.00%,-4
Invacare,-0,-0,-0.00%,-0
Medline,-20,-121,-85.82%,-141
zippie,-0,-0,-0.00%,-0
ClearCare,-0,-0,-0.00%,-0
Probasic,-0,-0,-0.00%,-0
Myovision,-0,-0,-0.00%,-0
Insight Millennium Subluxation,-0,-0,-0.00%,-0
Allergan's LAP-BAND Adjustable Gastric Band System,-2,-31,-93.94%,-33
Ethicon's Realize Adjustable Gastric Band,-1,-0,-0.00%,-1
Restylane,-0,-0,-0.00%,-0
Sculptra,-0,-1,-100.00%,-1
Cosmoplast,-0,-0,-0.00%,-0
Cosmoderm,-0,-0,-0.00%,-0
Artefil,-0,-0,-0.00%,-0
Juvederm,-0,-4,-100.00%,-4
Allergan's Natrelle,-0,-0,-0.00%,-0
Mentor's MemoryGel,-0,-0,-0.00%,-0
Sientra's Silicone Gel Breast Implant,-0,-0,-0.00%,-0
Spencer Forest,-0,-0,-0.00%,-0
iGrow,-0,-0,-0.00%,-0
Viatek,-0,-0,-0.00%,-0
Qvar,-17,-21,-55.26%,-38
Flovent,-24,-202,-89.38%,-226
Pulmicort,-117,-196,-62.62%,-313
Alvesco,-3,-1,-25.00%,-4
Accolate,-0,-14,-100.00%,-14
Advair,-57,-509,-89.93%,-566
Symbicort,-31,-101,-76.52%,-132
Serevent,-6,-84,-93.33%,-90
Foradil,-4,-6,-60.00%,-10
NyQuil,-81,-359,-81.59%,-440
Metformin XR,-0,-0,-0.00%,-0
glipizide,-36,-601,-94.35%,-637
glipizide XL,-0,-11,-100.00%,-11
Glucotrol,-8,-155,-95.09%,-163
glimepiride,-17,-551,-97.01%,-568
Amaryl,-7,-513,-98.65%,-520
Actos,-24,-1052,-97.77%,-1076
Actoplus MET,-3,-97,-97.00%,-100
Duetact,-0,-26,-100.00%,-26
Prandin,-2,-298,-99.33%,-300
Starlix,-2,-287,-99.31%,-289
Cycloset,-1,-0,-0.00%,-1
Parlodel,-6,-74,-92.50%,-80
Precose,-26,-1491,-98.29%,-1517
Glyset,-1,-98,-98.99%,-99
Breakyl,-0,-0,-0.00%,-0
Bufyl,-0,-0,-0.00%,-0
butorphanol,-0,-0,-0.00%,-0
co-codamol,-35,-114,-76.51%,-149
co-codaprin,-0,-0,-0.00%,-0
codeine,-678,-1494,-68.78%,-2172
Codipar,-0,-1,-100.00%,-1
Codis,-0,-0,-0.00%,-0
Cyclimorph,-0,-0,-0.00%,-0
Demerol,-153,-72,-32.00%,-225
Dolocodon PR,-0,-0,-0.00%,-0
Effentora,-0,-0,-0.00%,-0
Feminax,-0,-4,-100.00%,-4
Fencino,-0,-0,-0.00%,-0
Fentalis Reservoir,-0,-0,-0.00%,-0
Filnarine SR,-0,-0,-0.00%,-0
Galcodine Linctus,-0,-0,-0.00%,-0
Hapoctasin,-0,-0,-0.00%,-0
Instanyl,-0,-0,-0.00%,-0
Kadian,-7,-8,-53.33%,-15
Kapake,-0,-1,-100.00%,-1
Larapam,-0,-0,-0.00%,-0
Longtec,-0,-0,-0.00%,-0
Lynlor,-0,-0,-0.00%,-0
Marol,-0,-0,-0.00%,-0
Matrifen,-0,-0,-0.00%,-0
Maxitram SR,-0,-0,-0.00%,-0
Medocodene,-0,-0,-0.00%,-0
meperidine,-66,-19,-22.35%,-85
Mezolar,-0,-0,-0.00%,-0
Migraleve,-3,-1,-25.00%,-4
Morphgesic SR,-0,-0,-0.00%,-0
MST Continus,-0,-0,-0.00%,-0
MXL,-3,-3,-50.00%,-6
Nurofen,-10,-123,-92.48%,-133
Oramorph,-0,-3,-100.00%,-3
Osmanil,-0,-0,-0.00%,-0
OxyNorm,-4,-4,-50.00%,-8
Palexia,-0,-2,-100.00%,-2
Palladone,-5,-0,-0.00%,-5
Panadol,-27,-516,-95.03%,-543
PecFent,-0,-0,-0.00%,-0
pethidine,-20,-6,-23.08%,-26
Prefibin,-0,-0,-0.00%,-0
Pulmo Bailly,-0,-0,-0.00%,-0
Sativex,-9,-3,-25.00%,-12
Sevredol,-2,-0,-0.00%,-2
Sinutab with Codeine,-2,-1,-33.33%,-3
Solpadeine,-0,-3,-100.00%,-3
Solpadol,-1,-10,-90.91%,-11
Stadol,-7,-6,-46.15%,-13
Sublimaze,-11,-0,-0.00%,-11
Syndol,-0,-0,-0.00%,-0
Targinact,-0,-0,-0.00%,-0
Temgesic,-10,-1,-9.09%,-11
Tephine,-0,-0,-0.00%,-0
Terpin and Codeine Linctus,-0,-0,-0.00%,-0
tetrahydrocannabinol,-0,-0,-0.00%,-0
Tilodol SR,-0,-0,-0.00%,-0
Tradorec XL,-0,-1,-100.00%,-1
Tramacet,-0,-9,-100.00%,-9
Tramake,-0,-0,-0.00%,-0
Tramquel SR,-0,-0,-0.00%,-0
Tramulief SR,-0,-0,-0.00%,-0
Transtec,-0,-0,-0.00%,-0
Tylex,-4,-5,-55.56%,-9
Ultramol Soluble,-0,-0,-0.00%,-0
Veganin,-0,-0,-0.00%,-0
Victanyl,-0,-0,-0.00%,-0
Zamadol,-0,-1,-100.00%,-1
Zapain,-1,-3,-75.00%,-4
Zeridame SR,-0,-0,-0.00%,-0
Zomorph,-0,-0,-0.00%,-0
Zydol,-3,-26,-89.66%,-29
Eptadone,-0,-0,-0.00%,-0
Metharose,-0,-0,-0.00%,-0
Asr Uni Femoral Impl,-0,-0,-0.00%,-0
Physeptone,-0,-0,-0.00%,-0
Synastone,-0,-0,-0.00%,-0
Concerta,-5618,-2378,-29.74%,-7996
trazodone,-440,-867,-66.34%,-1307
Oleptro,-4,-1,-20.00%,-5
black henna tattoos,-0,-0,-0.00%,-0
hair dye,-5,-10,-66.67%,-15
Prozac,-1285,-2239,-63.54%,-3524
FluBlok,-0,-1,-100.00%,-1
Pamergan P100,-0,-0,-0.00%,-0
oxycodone and naloxone,-0,-0,-0.00%,-0
Targin ER,-0,-0,-0.00%,-0
Targin IR,-0,-0,-0.00%,-0
Targin NOS,-0,-0,-0.00%,-0
Anoro Ellipta,-0,-0,-0.00%,-0
promethazine,-111,-370,-76.92%,-481
promethazine with codeine,-5,-24,-82.76%,-29
unknown drug,-29633,-38545,-56.54%,-68178
Wellbutrin,-2155,-2566,-54.35%,-4721
Depo-Provera,-183,-425,-69.90%,-608
Diclofenac,-929,-3297,-78.02%,-4226
Norco,-94,-120,-56.07%,-214
Lexapro,-610,-2620,-81.11%,-3230
Flexeril,-165,-1061,-86.54%,-1226
Lerosett,-0,-0,-0.00%,-0
Neutrogena,-2,-4,-66.67%,-6
melatonin,-559,-417,-42.73%,-976
sofosbuvir,-9,-2,-18.18%,-11
Sovaldi,-8,-3,-27.27%,-11
Tylenol 4,-166,-134,-44.67%,-300
Eletriptan,-107,-78,-42.16%,-185
Fioricet,-129,-146,-53.09%,-275
Penicillin,-0,-0,-0.00%,-0
Calpol,-1,-31,-96.88%,-32
tamoxifen,-1148,-3177,-73.46%,-4325
Propranolol,-3248,-5479,-62.78%,-8727
Versed,-397,-105,-20.92%,-502
Lunesta,-137,-129,-48.50%,-266
Atarax,-32,-590,-94.86%,-622
Ventolin,-31,-473,-93.85%,-504
eletriptan,-18,-11,-37.93%,-29
penicillin,-81,-710,-89.76%,-791
hydroxyzine,-108,-450,-80.65%,-558
Claritin,-55,-1019,-94.88%,-1074
Allegra,-69,-1033,-93.74%,-1102
cyanocobalamin old junk,-0,-0,-0.00%,-0
hyaluronidase,-1,-2,-66.67%,-3
zanamivir,-1,-44,-97.78%,-45
Relenza,-5,-17,-77.27%,-22
Piriton,-2,-21,-91.30%,-23
Voltaren,-106,-2281,-95.56%,-2387
Sudafed,-90,-364,-80.18%,-454
unknown cosmetic,-0,-0,-0.00%,-0
phentermine,-132,-874,-86.88%,-1006
Ativan,-721,-1066,-59.65%,-1787
Champix,-8,-78,-90.70%,-86
tiotropium bromide,-2,-2,-50.00%,-4
Intuniv,-339,-60,-15.04%,-399
Cialis,-669,-10163,-93.82%,-10832
Exelon Patch,-598,-661,-52.50%,-1259
Axiron,-4,-1,-20.00%,-5
Androgel,-45,-38,-45.78%,-83
Toviaz,-1,-38,-97.44%,-39
eszopiclone,-68,-30,-30.61%,-98
budesonide and formoterol,-2,-0,-0.00%,-2
ciclosporin,-7,-5,-41.67%,-12
guanfacine,-151,-36,-19.25%,-187
tadalafil,-85,-3641,-97.72%,-3726
rivastigmine transdermal,-0,-3,-100.00%,-3
fesoterodine fumarate,-0,-1,-100.00%,-1
Panadeine,-7,-37,-84.09%,-44
Elavil,-145,-548,-79.08%,-693
cyclobenzaprine,-100,-996,-90.88%,-1096
amitriptyline,-337,-1402,-80.62%,-1739
paclitaxel,-13,-18,-58.06%,-31
Abraxane,-3,-4,-57.14%,-7
Depakote,-941,-1071,-53.23%,-2012
amoxicillin,-70,-2393,-97.16%,-2463
GABA,-580,-267,-31.52%,-847
nabumetone,-7,-143,-95.33%,-150
unknown hepatitis vaccine,-0,-0,-0.00%,-0
Decadron,-20,-258,-92.81%,-278
Phenergan,-70,-522,-88.18%,-592
Epilim,-65,-48,-42.48%,-113
Excedrin PM,-0,-3,-100.00%,-3
albiglutide,-0,-0,-0.00%,-0
Eperzan,-0,-0,-0.00%,-0
Plaquenil,-27,-70,-72.16%,-97
Arava,-6,-62,-91.18%,-68
Trileptal,-1499,-972,-39.34%,-2471
Brintellix,-26,-5,-16.13%,-31
Hetlioz,-0,-0,-0.00%,-0
tasimelteon,-1,-0,-0.00%,-1
Farxiga,-5,-11,-68.75%,-16
dapagliflozin,-1,-20,-95.24%,-21
Olysio,-1,-0,-0.00%,-1
simeprevir,-0,-1,-100.00%,-1
Imbruvica,-1,-0,-0.00%,-1
ibrutinib,-0,-0,-0.00%,-0
Aptiom,-6,-0,-0.00%,-6
eslicarbazepine,-7,-4,-36.36%,-11
Gazyva,-0,-0,-0.00%,-0
obinutuzumab,-0,-1,-100.00%,-1
Opsumit,-0,-0,-0.00%,-0
macitentan,-0,-0,-0.00%,-0
Adempas,-0,-1,-100.00%,-1
riociguat,-0,-1,-100.00%,-1
Duavee,-0,-0,-0.00%,-0
conjugated estrogens/bazedoxifene,-0,-0,-0.00%,-0
vortioxetine,-3,-2,-40.00%,-5
Fulyzaq,-0,-0,-0.00%,-0
crofelemer,-0,-0,-0.00%,-0
Sirturo,-0,-0,-0.00%,-0
bedaquiline,-1,-0,-0.00%,-1
vandetanib,-5,-31,-86.11%,-36
Caprelsa,-9,-6,-40.00%,-15
ustekinumab,-1,-1,-50.00%,-2
Juxtapid,-0,-0,-0.00%,-0
lomitapide,-1,-1,-50.00%,-2
Gattex,-0,-0,-0.00%,-0
teduglutide,-1,-0,-0.00%,-1
Signifor,-0,-3,-100.00%,-3
pasireotide,-1,-3,-75.00%,-4
Iclusig,-2,-0,-0.00%,-2
ponatinib,-4,-1,-20.00%,-5
Cometriq,-0,-0,-0.00%,-0
cabozantinib,-0,-2,-100.00%,-2
Synribo,-1,-0,-0.00%,-1
omacetaxine mepesuccinate,-0,-0,-0.00%,-0
Istodax,-0,-0,-0.00%,-0
romidepsin,-0,-8,-100.00%,-8
Arzerra,-0,-0,-0.00%,-0
ofatumumab,-2,-0,-0.00%,-2
Votrient,-1,-2,-66.67%,-3
pazopanib,-2,-2,-50.00%,-4
Folotyn,-1,-0,-0.00%,-1
pralatrexate,-0,-0,-0.00%,-0
Vibativ,-0,-1,-100.00%,-1
telavancin,-3,-5,-62.50%,-8
Sabril,-5,-2,-28.57%,-7
vigabatrin,-18,-9,-33.33%,-27
Livalo,-1,-13,-92.86%,-14
pitavastatin,-3,-11,-78.57%,-14
Effient,-17,-116,-87.22%,-133
prasugrel,-32,-350,-91.62%,-382
Multaq,-3,-215,-98.62%,-218
dronedarone,-4,-164,-97.62%,-168
Ilaris,-11,-4,-26.67%,-15
canakinumab,-2,-2,-50.00%,-4
Besivance,-1,-1,-50.00%,-2
besifloxacin,-0,-2,-100.00%,-2
Samsca,-0,-0,-0.00%,-0
tolvaptan,-3,-0,-0.00%,-3
Fanapt,-82,-73,-47.10%,-155
iloperidone,-9,-18,-66.67%,-27
Treanda,-1,-3,-75.00%,-4
desvenlafaxine,-31,-46,-59.74%,-77
Dysport,-1,-3,-75.00%,-4
abobotulinumtoxinA,-0,-0,-0.00%,-0
Affinitor,-0,-0,-0.00%,-0
everolimus,-69,-95,-57.93%,-164
Uloric,-1,-28,-96.55%,-29
febuxostat,-0,-14,-100.00%,-14
Firmagon,-0,-2,-100.00%,-2
degarelix,-0,-0,-0.00%,-0
Mozobil,-3,-1,-25.00%,-4
plerixafor,-0,-1,-100.00%,-1
Lusedra,-0,-0,-0.00%,-0
fospropofol,-1,-0,-0.00%,-1
Promacta,-0,-0,-0.00%,-0
eltrombopag olamine,-0,-0,-0.00%,-0
Banzel,-12,-5,-29.41%,-17
rufinamide,-7,-2,-22.22%,-9
Rapaflo,-0,-39,-100.00%,-39
silodosin,-2,-22,-91.67%,-24
Xenazine,-0,-1,-100.00%,-1
tetrabenazine,-2,-4,-66.67%,-6
Entereg,-0,-0,-0.00%,-0
alvimopan,-0,-0,-0.00%,-0
Arcalyst,-0,-0,-0.00%,-0
raltegravir,-1,-3,-75.00%,-4
nilotinib,-27,-45,-62.50%,-72
rilonacept,-0,-1,-100.00%,-1
Intelence,-0,-3,-100.00%,-3
etravirine,-3,-8,-72.73%,-11
Bystolic,-20,-939,-97.91%,-959
nebivolol,-14,-834,-98.35%,-848
Kuvan,-0,-0,-0.00%,-0
sapropterin dihydrochloride,-0,-0,-0.00%,-0
Mircera,-0,-0,-0.00%,-0
methoxy polyethylene glycol-epoetin beta,-5,-0,-0.00%,-5
Doribax,-0,-1,-100.00%,-1
doripenem,-5,-2,-28.57%,-7
Selzentry,-1,-1,-50.00%,-2
maraviroc,-1,-2,-66.67%,-3
Somatuline,-1,-0,-0.00%,-1
lanreotide,-0,-0,-0.00%,-0
ambrisentan,-0,-7,-100.00%,-7
Torisel,-1,-3,-75.00%,-4
temsirolimus,-6,-2,-25.00%,-8
Soliris,-3,-0,-0.00%,-3
eculizumab,-1,-0,-0.00%,-1
Tykerb,-3,-5,-62.50%,-8
lapatinib,-4,-10,-71.43%,-14
Tekturna,-4,-128,-96.97%,-132
aliskiren,-8,-153,-95.03%,-161
cortisone,-48,-127,-72.57%,-175
Evzio,-0,-0,-0.00%,-0
remeron,-138,-373,-72.99%,-511
doxycycline,-63,-2256,-97.28%,-2319
Otezla,-3,-1,-25.00%,-4
apremilast,-1,-0,-0.00%,-1
Impavido,-0,-0,-0.00%,-0
miltefosine,-0,-0,-0.00%,-0
Myalept,-0,-0,-0.00%,-0
metreleptin,-0,-0,-0.00%,-0
Northera,-0,-0,-0.00%,-0
droxidopa,-0,-0,-0.00%,-0
Vimizim,-0,-0,-0.00%,-0
elosulfase alfa,-0,-0,-0.00%,-0
Relvar Ellipta,-0,-0,-0.00%,-0
Tanzeum,-0,-0,-0.00%,-0
Lyxumia,-0,-5,-100.00%,-5
lixisenatide,-0,-4,-100.00%,-4
Galvus,-27,-49,-64.47%,-76
Eucreas,-0,-7,-100.00%,-7
vildagliptin,-3,-81,-96.43%,-84
Levemir,-299,-115,-27.78%,-414
insulin detemir,-8,-2,-20.00%,-10
lithium,-1166,-1555,-57.15%,-2721
Strattera,-1862,-1247,-40.11%,-3109
pirfenidone,-1,-1,-50.00%,-2
Esbriet,-1,-0,-0.00%,-1
amiodarone,-40,-947,-95.95%,-987
azathioprine,-55,-201,-78.52%,-256
serratiopeptidase,-3,-13,-81.25%,-16
hypromellose,-2,-9,-81.82%,-11
amlodipine-benazepril,-2,-312,-99.36%,-314
inhaler,-197,-569,-74.28%,-766
budesonide,-369,-611,-62.35%,-980
salmeterol,-15,-49,-76.56%,-64
Seretide,-7,-40,-85.11%,-47
Clenil,-1,-0,-0.00%,-1
beclometasone,-4,-1,-20.00%,-5
Beclazone,-0,-0,-0.00%,-0
Foster,-0,-0,-0.00%,-0
beclometasone and formoterol,-0,-0,-0.00%,-0
Flixotide,-0,-7,-100.00%,-7
fluticasone,-0,-0,-0.00%,-0
Beclomet,-0,-0,-0.00%,-0
Atimos,-0,-0,-0.00%,-0
formoterol,-11,-62,-84.93%,-73
Intal,-1,-2,-66.67%,-3
cromoglicic acid,-0,-0,-0.00%,-0
Flutiform,-0,-0,-0.00%,-0
fluticasone and formoterol,-0,-0,-0.00%,-0
salbutamol,-29,-173,-85.64%,-202
fluticasone and salmeterol,-1,-1,-50.00%,-2
fingolimod,-42,-34,-44.74%,-76
teriflunomide,-14,-7,-33.33%,-21
Cyramza,-1,-0,-0.00%,-1
ramucirumab,-0,-0,-0.00%,-0
Sylvant,-0,-0,-0.00%,-0
siltuximab,-0,-0,-0.00%,-0
Zykadia,-10,-20,-66.67%,-30
ceritinib,-9,-19,-67.86%,-28
Zontivity,-0,-0,-0.00%,-0
vorapaxar,-0,-0,-0.00%,-0
Entyvio,-6,-1,-14.29%,-7
vedolizumab,-1,-0,-0.00%,-1
Rivotril,-39,-92,-70.23%,-131
Dilantin,-341,-481,-58.52%,-822
phenytoin,-174,-544,-75.77%,-718
Zonegran,-117,-102,-46.58%,-219
zonisamide,-104,-38,-26.76%,-142
oxcarbazepine,-243,-263,-51.98%,-506
Kalyamon,-0,-0,-0.00%,-0
Doxil,-0,-5,-100.00%,-5
bortezomib,-2,-43,-95.56%,-45
Advil Cold and sinus infection,-3,-2,-40.00%,-5
Tylenol Cold and sinus infection,-4,-63,-94.03%,-67
Dalvance,-0,-0,-0.00%,-0
dalbavancin,-3,-4,-57.14%,-7
Jublia,-3,-0,-0.00%,-3
efinaconazole,-1,-0,-0.00%,-1
Sivextro,-0,-1,-100.00%,-1
tedizolid phosphate,-0,-0,-0.00%,-0
Imuran,-62,-162,-72.32%,-224
Vizamyl,-0,-0,-0.00%,-0
flutemetamol F 18,-0,-0,-0.00%,-0
Luzu,-0,-1,-100.00%,-1
luliconozole,-0,-0,-0.00%,-0
Neuraceq,-0,-0,-0.00%,-0
Beleodaq,-0,-0,-0.00%,-0
Kerydin,-0,-0,-0.00%,-0
florbetaben F 18,-0,-0,-0.00%,-0
belinostat,-0,-0,-0.00%,-0
tavaborole,-0,-0,-0.00%,-0
anagliptin,-0,-0,-0.00%,-0
Suiny,-0,-0,-0.00%,-0
Tenelia,-0,-0,-0.00%,-0
teneligliptin,-0,-0,-0.00%,-0
Afrezza,-22,-4,-15.38%,-26
insulin human,-1,-1,-50.00%,-2
Atrovent,-11,-141,-92.76%,-152
Endone,-6,-5,-45.45%,-11
Endep,-22,-195,-89.86%,-217
verapamil,-146,-1070,-87.99%,-1216
Midrin,-36,-28,-43.75%,-64
Diamox,-43,-220,-83.65%,-263
Alli,-11,-492,-97.81%,-503
dutasteride,-102,-384,-79.01%,-486
Augmentin,-28,-1291,-97.88%,-1319
Veramyst,-6,-51,-89.47%,-57
Abreva,-3,-44,-93.62%,-47
Zantac,-51,-1326,-96.30%,-1377
ropinirole,-11,-46,-80.70%,-57
umeclidinium bromide and vilanterol,-0,-0,-0.00%,-0
Trulicity,-0,-1,-100.00%,-1
dulaglutide,-0,-0,-0.00%,-0
Avodart,-47,-631,-93.07%,-678
amoxicillin and clavulanate,-9,-246,-96.47%,-255
ranitidine,-140,-879,-86.26%,-1019
Requip,-17,-203,-92.27%,-220
Movantik,-0,-0,-0.00%,-0
naloxegol,-0,-0,-0.00%,-0
Keytruda,-1,-0,-0.00%,-1
pembrolizumab,-0,-0,-0.00%,-0
Cerdelga,-0,-0,-0.00%,-0
eliglustat,-0,-0,-0.00%,-0
Plegridy,-8,-4,-33.33%,-12
peginterferon beta-1n,-2,-1,-33.33%,-3
Belsomra,-9,-4,-30.77%,-13
Orbactiv,-0,-0,-0.00%,-0
oritavancin,-1,-1,-50.00%,-2
Jardiance,-0,-1,-100.00%,-1
empagliflozin,-0,-3,-100.00%,-3
Striverdi Respimat,-0,-1,-100.00%,-1
olodaterol,-0,-1,-100.00%,-1
Zydelig,-0,-0,-0.00%,-0
idelalisib,-0,-1,-100.00%,-1
Breathe Right Nasal Strips,-0,-0,-0.00%,-0
Biotene Oral Rinse,-5,-1,-16.67%,-6
Sensodyne,-1,-1,-50.00%,-2
Oilatum,-0,-0,-0.00%,-0
Physiogel,-0,-0,-0.00%,-0
Imigran,-19,-65,-77.38%,-84
docosanol,-4,-5,-55.56%,-9
Repreve,-0,-0,-0.00%,-0
Nicoderm CQ,-0,-0,-0.00%,-0
Votubia,-0,-2,-100.00%,-2
Certican,-2,-4,-66.67%,-6
valsartan,-44,-2743,-98.42%,-2787
deferasirox,-11,-11,-50.00%,-22
Glivec,-116,-82,-41.41%,-198
imatinib,-0,-0,-0.00%,-0
Jakavi,-2,-7,-77.78%,-9
Lamisil,-445,-2474,-84.76%,-2919
terbinafine,-227,-1893,-89.29%,-2120
Rasilez,-1,-24,-96.00%,-25
zoledronic acid,-11,-28,-71.79%,-39
Betaferon,-26,-12,-31.58%,-38
Levitra,-895,-11230,-92.62%,-12125
Aclasta,-0,-13,-100.00%,-13
Anafranil,-242,-1355,-84.85%,-1597
clomipramine,-487,-1289,-72.58%,-1776
Aredia,-4,-6,-60.00%,-10
pamidronate,-16,-14,-46.67%,-30
Cardioxane,-0,-2,-100.00%,-2
dexrazoxane,-11,-6,-35.29%,-17
Climagest,-0,-1,-100.00%,-1
norethisterone and estradiol valerate,-0,-0,-0.00%,-0
Climaval,-4,-1,-20.00%,-5
estradiol valerate,-527,-434,-45.16%,-961
Climesse,-0,-0,-0.00%,-0
Comtan,-4,-13,-76.47%,-17
entacapone,-12,-38,-76.00%,-50
Co-Diovan,-3,-218,-98.64%,-221
valsartan and hydrochlorthiazide,-0,-0,-0.00%,-0
Desferal,-2,-0,-0.00%,-2
deferoxamine,-20,-12,-37.50%,-32
Estraderm,-9,-5,-35.71%,-14
estradiol hemihydrate,-42,-82,-66.13%,-124
Exforge,-30,-100,-76.92%,-130
amlodipine and valsartan,-0,-51,-100.00%,-51
Exforge HCT,-1,-25,-96.15%,-26
amlodipine, valsartan and hydrochlorothiazide,-0,-0,-0.00%,-0
Famvir,-53,-406,-88.45%,-459
famciclovir,-93,-331,-78.07%,-424
Farydak,-0,-1,-100.00%,-1
panobinostat,-1,-49,-98.00%,-50
Lescol,-16,-71,-81.61%,-87
fluvastatin,-13,-98,-88.29%,-111
Lioresal,-18,-1845,-99.03%,-1863
Lotrel,-10,-380,-97.44%,-390
valsartan and hydrochlorothiazide,-8,-303,-97.43%,-311
amlodipine/valsartan/hydrochlorothiazide,-0,-31,-100.00%,-31
rivastigmine,-20,-192,-90.57%,-212
Myfortic,-20,-26,-56.52%,-46
mycophenolic acid,-6,-4,-40.00%,-10
Navoban,-1,-0,-0.00%,-1
tropisetron,-7,-9,-56.25%,-16
Nitroderm,-0,-1,-100.00%,-1
nitroglycerine,-761,-667,-46.71%,-1428
Prexige,-2,-6,-75.00%,-8
lumiracoxib,-3,-8,-72.73%,-11
Proleukin,-8,-1,-11.11%,-9
aldesleukin,-1,-1,-50.00%,-2
Riamet,-0,-1,-100.00%,-1
artemether and lumefantrine,-8,-4,-33.33%,-12
Salagen,-6,-7,-53.85%,-13
pilocarpine,-59,-123,-67.58%,-182
Sandimmun,-1,-2,-66.67%,-3
Neoral,-22,-65,-74.71%,-87
cyclosporin,-203,-226,-52.68%,-429
Sandostatin,-17,-17,-50.00%,-34
octreotide,-56,-80,-58.82%,-136
Sebivo,-1,-3,-75.00%,-4
telbivudine,-0,-2,-100.00%,-2
Seebri,-1,-0,-0.00%,-1
glycopyrronium bromide,-15,-10,-40.00%,-25
Simulect,-0,-2,-100.00%,-2
basiliximab,-5,-3,-37.50%,-8
Stalevo,-5,-36,-87.80%,-41
levodopa/entacapone/carbidopa,-0,-0,-0.00%,-0
Tobi,-0,-0,-0.00%,-0
tobramycin,-160,-254,-61.35%,-414
Ultibro,-0,-4,-100.00%,-4
indacaterol and glycopyrronium,-0,-0,-0.00%,-0
Visudyne,-3,-2,-40.00%,-5
verteporfin,-4,-3,-42.86%,-7
Vivelle,-189,-101,-34.83%,-290
Voltarol,-31,-111,-78.17%,-142
vildagliptin and metformin,-0,-6,-100.00%,-6
interferon beta-1b,-7,-6,-46.15%,-13
Ferona,-2,-6,-75.00%,-8
Compesk,-0,-0,-0.00%,-0
vardenafil hydrochloride,-0,-0,-0.00%,-0
Vardenafil,-0,-0,-0.00%,-0
Vivanza,-0,-56,-100.00%,-56
Staxyn,-31,-148,-82.68%,-179
Yaila,-0,-4,-100.00%,-4
vardenafil,-128,-4464,-97.21%,-4592
ethinylestradiol and gestodene,-2,-1,-33.33%,-3
Meliane,-1,-4,-80.00%,-5
Femodette,-13,-4,-23.53%,-17
Fedra,-77,-113,-59.47%,-190
Logest,-65,-80,-55.17%,-145
Meloden,-0,-0,-0.00%,-0
Lodene,-0,-0,-0.00%,-0
Gynera,-11,-1,-8.33%,-12
Minigeste,-0,-0,-0.00%,-0
Femiane,-1,-1,-50.00%,-2
Lunafem,-0,-0,-0.00%,-0
Gynovin,-0,-0,-0.00%,-0
dienogest,-30,-50,-62.50%,-80
Visanne,-94,-17,-15.32%,-111
Allurene,-0,-0,-0.00%,-0
Visanna,-1,-0,-0.00%,-1
Visabelle,-0,-0,-0.00%,-0
Visannette,-0,-0,-0.00%,-0
Stivar,-0,-0,-0.00%,-0
nifedipine,-206,-2262,-91.65%,-2468
Adalat,-109,-2086,-95.03%,-2195
Chronadalat,-0,-0,-0.00%,-0
Chronadalate,-0,-0,-0.00%,-0
Pertensal,-0,-0,-0.00%,-0
Adefin,-0,-4,-100.00%,-4
Osmo-Adalat,-0,-0,-0.00%,-0
Gitsalat,-0,-0,-0.00%,-0
sorafenib,-42,-87,-67.44%,-129
iopromide,-1,-0,-0.00%,-1
Ultravist,-1,-0,-0.00%,-1
Clarograf,-0,-0,-0.00%,-0
Proscope,-3,-21,-87.50%,-24
Claritrast,-0,-0,-0.00%,-0
acarbose,-24,-1533,-98.46%,-1557
Glucobay,-2,-1196,-99.83%,-1198
Glucor,-1,-29,-96.67%,-30
Gluconase,-2,-2,-50.00%,-4
Glicobase,-0,-0,-0.00%,-0
Prandase,-1,-8,-88.89%,-9
Stabilic,-0,-0,-0.00%,-0
Glumida,-0,-0,-0.00%,-0
Stilnox,-170,-201,-54.18%,-371
Lemtrada,-62,-43,-40.95%,-105
alemtuzumab,-51,-24,-32.00%,-75
Apidra,-369,-239,-39.31%,-608
insulin glulisin,-5,-2,-28.57%,-7
Vectibix,-26,-5,-16.13%,-31
panitumumab,-9,-5,-35.71%,-14
Aranesp,-23,-34,-59.65%,-57
darbepoetin alfa,-18,-8,-30.77%,-26
Neulasta,-148,-73,-33.03%,-221
pegfilgrastim,-12,-7,-36.84%,-19
Neupogen,-239,-88,-26.91%,-327
Mimpara,-0,-2,-100.00%,-2
cinacalcet,-0,-26,-100.00%,-26
Ferro-Sanol,-0,-0,-0.00%,-0
Ferro Sanol,-1,-0,-0.00%,-1
Niferex,-4,-2,-33.33%,-6
Obsidan Fe++,-143,-98,-40.66%,-241
Spartofer,-0,-0,-0.00%,-0
Ferro Gyn,-0,-0,-0.00%,-0
ferrous glycine sulfate and folic acid,-0,-0,-0.00%,-0
ferrous glycine sulfate,-0,-0,-0.00%,-0
Ferro Sanol Gyn,-0,-1,-100.00%,-1
Brilique,-0,-6,-100.00%,-6
Inderal,-188,-2385,-92.69%,-2573
Avlocardyl,-6,-32,-84.21%,-38
Dociton,-6,-9,-60.00%,-15
Inderalici,-6,-26,-81.25%,-32
Sumial,-7,-18,-72.00%,-25
Kombiglyze,-7,-104,-93.69%,-111
Axanum,-0,-0,-0.00%,-0
esomeprazole and acetylsalicylic acid,-0,-0,-0.00%,-0
felodipine,-0,-0,-0.00%,-0
Plendil,-9,-179,-95.21%,-188
Preslow,-1,-0,-0.00%,-1
Feloday,-0,-0,-0.00%,-0
Perfudal,-0,-0,-0.00%,-0
Felodipin,-16,-351,-95.64%,-367
Prevex,-17,-19,-52.78%,-36
Felodur,-0,-3,-100.00%,-3
metoprolol tartrate,-840,-5520,-86.79%,-6360
Seloken,-5,-21,-80.77%,-26
Selozok,-0,-7,-100.00%,-7
Spesicor,-0,-0,-0.00%,-0
Betazide,-0,-0,-0.00%,-0
Tenormin,-34,-1859,-98.20%,-1893
naproxen and esomeprazole,-4,-36,-90.00%,-40
Vimovo,-35,-50,-58.82%,-85
zolmitriptan,-94,-86,-47.78%,-180
Zomig,-421,-303,-41.85%,-724
Zomigon,-0,-0,-0.00%,-0
AscoTop,-0,-0,-0.00%,-0
Zomigoro,-0,-1,-100.00%,-1
Ponesta,-0,-1,-100.00%,-1
anastrozole,-444,-411,-48.07%,-855
Arimidex,-2040,-1828,-47.26%,-3868
Anastrozol,-12,-7,-36.84%,-19
Remidex,-0,-0,-0.00%,-0
Zactima,-1,-0,-0.00%,-1
bicalutamide,-79,-124,-61.08%,-203
Casodex,-25,-196,-88.69%,-221
Cosudex,-3,-6,-66.67%,-9
Nolvadex,-1369,-3161,-69.78%,-4530
Valodex,-0,-18,-100.00%,-18
Istubal,-0,-14,-100.00%,-14
Zinforo,-0,-2,-100.00%,-2
Spirocort,-0,-2,-100.00%,-2
Pulmaxan,-0,-0,-0.00%,-0
Budicort,-0,-0,-0.00%,-0
Tactevo,-0,-0,-0.00%,-0
Fluenz,-201,-149,-42.57%,-350
Dengue vaccine,-0,-0,-0.00%,-0
Trumenba,-0,-0,-0.00%,-0
lisdexamfetamine,-189,-38,-16.74%,-227
econazole,-4,-24,-85.71%,-28
Spectazole,-1,-0,-0.00%,-1
Vistaril,-70,-123,-63.73%,-193
paliperidone palmitate,-5,-8,-61.54%,-13
Invega,-415,-300,-41.96%,-715
paliperidone,-72,-130,-64.36%,-202
Motilium,-7,-657,-98.95%,-664
domperidone,-24,-635,-96.36%,-659
Imodium Multi-Symptom,-2995,-4107,-57.83%,-7102
loperamide and simethicone,-1,-18,-94.74%,-19
filgrastim,-192,-69,-26.44%,-261
bupropion,-77,-18,-18.95%,-95
sunitinib,-2,-11,-84.62%,-13
dexedrine,-1305,-319,-19.64%,-1624
Dextroamphetamine,-24,-6,-20.00%,-30
dayquil,-12,-91,-88.35%,-103
Purinethol,-33,-74,-69.16%,-107
Budeprion,-5,-25,-83.33%,-30
Buproban,-0,-5,-100.00%,-5
Forfivo,-0,-0,-0.00%,-0
Aplenzin,-1,-14,-93.33%,-15
Prexaton,-1,-0,-0.00%,-1
Methylin,-68,-28,-29.17%,-96
Quillivant,-16,-2,-11.11%,-18
Biphentin,-83,-36,-30.25%,-119
Rubifen,-34,-13,-27.66%,-47
Niravam,-1,-5,-83.33%,-6
Adco-Alzam,-0,-0,-0.00%,-0
Alprax,-0,-1,-100.00%,-1
Efexor,-13,-27,-67.50%,-40
Venlor,-1,-95,-98.96%,-96
Limbitrol,-1,-2,-66.67%,-3
Etrafon,-1,-1,-50.00%,-2
Triavil,-2,-1,-33.33%,-3
Amitrip,-8,-1,-11.11%,-9
Elatrol,-0,-0,-0.00%,-0
Buprenex,-3,-0,-0.00%,-3
Endocodone,-0,-0,-0.00%,-0
OxyFast,-3,-2,-40.00%,-5
OxyIR,-0,-1,-100.00%,-1
Percolone,-0,-1,-100.00%,-1
Roxicet,-5,-1,-16.67%,-6
Tylox,-0,-0,-0.00%,-0
Endodan,-0,-2,-100.00%,-2
Combunox,-0,-6,-100.00%,-6
Oxycet,-3,-1,-25.00%,-4
Targin,-2,-2,-50.00%,-4
Ebola vaccine,-0,-0,-0.00%,-0
Bexsero,-0,-0,-0.00%,-0
Meningitis B vaccine,-0,-0,-0.00%,-0
Harvoni,-6,-1,-14.29%,-7
Flonase,-25,-443,-94.66%,-468
Triumeq,-0,-0,-0.00%,-0
Saxenda,-0,-2,-100.00%,-2
Apo-Zolpin,-0,-0,-0.00%,-0
Dormilan,-0,-0,-0.00%,-0
Albapax,-0,-0,-0.00%,-0
Adormix,-2,-1,-33.33%,-3
Adorma,-0,-0,-0.00%,-0
Atrimon,-0,-0,-0.00%,-0
Belbien,-0,-0,-0.00%,-0
Bikalm,-0,-0,-0.00%,-0
Cedrol,-0,-0,-0.00%,-0
Cymerion,-0,-0,-0.00%,-0
Dactive,-0,-0,-0.00%,-0
Dalparan,-0,-0,-0.00%,-0
Damixan,-2,-1,-33.33%,-3
Dorlotil,-0,-0,-0.00%,-0
Dormizol,-0,-0,-0.00%,-0
Durnit,-0,-0,-0.00%,-0
Eanox,-0,-0,-0.00%,-0
Edluar,-23,-13,-36.11%,-36
Flazinil,-0,-0,-0.00%,-0
Fulsadem,-0,-0,-0.00%,-0
Hipnatur,-0,-0,-0.00%,-0
Hypnogen,-13,-1,-7.14%,-14
Insodem,-0,-0,-0.00%,-0
Intensum,-0,-0,-0.00%,-0
Ivadal,-2,-1,-33.33%,-3
Lioram,-0,-1,-100.00%,-1
Lunata,-0,-0,-0.00%,-0
Mondeal,-0,-0,-0.00%,-0
Myslee,-4,-1,-20.00%,-5
Nasen,-2,-1,-33.33%,-3
Natpidem,-0,-0,-0.00%,-0
Nidra,-0,-0,-0.00%,-0
Nimadorm,-1,-0,-0.00%,-1
Niotal,-0,-0,-0.00%,-0
Nitrest,-1,-0,-0.00%,-1
Nocpidem,-0,-0,-0.00%,-0
Nocte,-3,-11,-78.57%,-14
Noctidem,-0,-0,-0.00%,-0
Noctiden,-0,-0,-0.00%,-0
Noctizen,-0,-0,-0.00%,-0
Nottem,-0,-1,-100.00%,-1
Noxidem,-0,-0,-0.00%,-0
Noxizol,-0,-0,-0.00%,-0
Nuo Bin,-0,-0,-0.00%,-0
Nytamel,-2,-1,-33.33%,-3
Onirex,-0,-0,-0.00%,-0
Perluna,-0,-0,-0.00%,-0
Pidezol,-0,-0,-0.00%,-0
Polsem,-0,-0,-0.00%,-0
Pronox,-0,-0,-0.00%,-0
Rapnotic,-0,-0,-0.00%,-0
Sanval,-10,-1,-9.09%,-11
Sedopee,-0,-0,-0.00%,-0
Semi-Nax,-0,-0,-0.00%,-0
Si Nuosi,-0,-0,-0.00%,-0
Sleepman,-0,-0,-0.00%,-0
Slepzol,-0,-0,-0.00%,-0
Snovitel,-0,-0,-0.00%,-0
Sobrium,-0,-0,-0.00%,-0
Solpirem,-0,-0,-0.00%,-0
Somidem,-2,-1,-33.33%,-3
Somnil,-0,-0,-0.00%,-0
Somnipax,-0,-0,-0.00%,-0
Somno,-0,-0,-0.00%,-0
Somnipron,-0,-0,-0.00%,-0
Somnor,-0,-0,-0.00%,-0
Sonirem,-0,-0,-0.00%,-0
Sovigen,-0,-0,-0.00%,-0
Stilnoct,-22,-10,-31.25%,-32
Stildem,-0,-0,-0.00%,-0
Stilpidem,-0,-0,-0.00%,-0
Stimin,-0,-0,-0.00%,-0
Sucedal,-2,-1,-33.33%,-3
Tovalt,-0,-0,-0.00%,-0
Vicknox,-0,-0,-0.00%,-0
Viradex,-0,-0,-0.00%,-0
Xolnox,-1,-0,-0.00%,-1
Zanilo,-0,-0,-0.00%,-0
Zimor,-0,-1,-100.00%,-1
Ziohex,-0,-0,-0.00%,-0
Zipsoon,-0,-0,-0.00%,-0
Zleep,-0,-0,-0.00%,-0
Zodem,-0,-0,-0.00%,-0
Zodorm,-2,-1,-33.33%,-3
Zodormdura,-0,-0,-0.00%,-0
Zogno,-0,-0,-0.00%,-0
Zolax,-0,-0,-0.00%,-0
Zoldem,-2,-1,-33.33%,-3
Zoldorm,-1,-0,-0.00%,-1
Zoldox,-0,-0,-0.00%,-0
Zolep,-0,-0,-0.00%,-0
Zolfresh,-6,-2,-25.00%,-8
Zolirin,-0,-0,-0.00%,-0
Zolman,-0,-0,-0.00%,-0
Zolmia,-0,-0,-0.00%,-0
Zolnex,-0,-0,-0.00%,-0
Zolnod,-2,-1,-33.33%,-3
Zolnox,-2,-1,-33.33%,-3
Zolnoxs,-0,-0,-0.00%,-0
Zolp,-2,-2,-50.00%,-4
Zolpi,-1,-0,-0.00%,-1
Zolpiart,-0,-0,-0.00%,-0
Zolpibell,-0,-0,-0.00%,-0
Zolpic,-0,-0,-0.00%,-0
Zolpicin,-0,-0,-0.00%,-0
Zolpid,-0,-0,-0.00%,-0
zolpidem,-1573,-1623,-50.78%,-3196
Zolpidemum,-1,-0,-0.00%,-1
Zolpidex GMP,-0,-0,-0.00%,-0
Zolpigen,-0,-0,-0.00%,-0
Zolpihexal,-2,-1,-33.33%,-3
Zolpimist,-9,-3,-25.00%,-12
Zolpinite,-0,-0,-0.00%,-0
Zolpinox,-0,-0,-0.00%,-0
Zolpiram,-0,-0,-0.00%,-0
Zolpirest,-0,-0,-0.00%,-0
Zolpitop,-0,-0,-0.00%,-0
Zolpium,-0,-0,-0.00%,-0
Zolsana,-11,-1,-8.33%,-12
Zolta,-0,-0,-0.00%,-0
Zolway,-0,-0,-0.00%,-0
Zonadin,-6,-0,-0.00%,-6
Zonoct,-2,-0,-0.00%,-2
Zopenta,-0,-0,-0.00%,-0
Zopidem,-0,-1,-100.00%,-1
Zopim,-0,-0,-0.00%,-0
Zorimin,-0,-0,-0.00%,-0
Zylinox,-0,-0,-0.00%,-0
Ambulax,-0,-0,-0.00%,-0
Zaviana,-0,-0,-0.00%,-0
Nevaxar,-0,-0,-0.00%,-0
Sorafenat,-2,-6,-75.00%,-8
Sorafenibum,-0,-0,-0.00%,-0
Soranib,-0,-3,-100.00%,-3
Nexavir,-1,-0,-0.00%,-1
Abinifin,-0,-0,-0.00%,-0
Afugin,-0,-0,-0.00%,-0
Allifort,-0,-0,-0.00%,-0
Amiada,-0,-0,-0.00%,-0
Amisan,-0,-0,-0.00%,-0
Amykal,-0,-0,-0.00%,-0
Anpar,-0,-0,-0.00%,-0
Atifan,-0,-0,-0.00%,-0
Camisan,-0,-0,-0.00%,-0
Dermoxyl,-0,-0,-0.00%,-0
Elater,-0,-0,-0.00%,-0
Enisol,-0,-0,-0.00%,-0
Exifine,-0,-1,-100.00%,-1
Finex,-0,-0,-0.00%,-0
Fungotek,-0,-0,-0.00%,-0
Fungoterbine,-0,-0,-0.00%,-0
Funide,-0,-0,-0.00%,-0
Hongofin,-0,-0,-0.00%,-0
Lamicol,-0,-0,-0.00%,-0
Benafin,-0,-0,-0.00%,-0
Binafin,-0,-0,-0.00%,-0
Bensnazole,-0,-0,-0.00%,-0
Binafex,-0,-0,-0.00%,-0
Binasil,-0,-0,-0.00%,-0
Binter,-0,-0,-0.00%,-0
Boots Athlete's Foot,-0,-0,-0.00%,-0
Bramizil,-0,-0,-0.00%,-0
Brinaf,-0,-0,-0.00%,-0
Chemiderm,-0,-0,-0.00%,-0
CIdocan,-0,-0,-0.00%,-0
Cinafine,-0,-0,-0.00%,-0
Corbinal,-0,-0,-0.00%,-0
Creobic Gold,-0,-0,-0.00%,-0
Curasil,-0,-0,-0.00%,-0
Dakinzol,-0,-0,-0.00%,-0
Daskil,-0,-1,-100.00%,-1
Daskyl,-1,-0,-0.00%,-1
Demsil,-0,-0,-0.00%,-0
Denasil,-0,-0,-0.00%,-0
Derbicil,-0,-0,-0.00%,-0
Derfin,-0,-0,-0.00%,-0
Dermafin,-0,-0,-0.00%,-0
Dermafine,-0,-0,-0.00%,-0
Dermatin,-0,-0,-0.00%,-0
Dermax,-0,-1,-100.00%,-1
Dicil,-0,-0,-0.00%,-0
Dingke,-0,-0,-0.00%,-0
Erfin,-0,-0,-0.00%,-0
Farbicil,-0,-0,-0.00%,-0
Filut,-0,-0,-0.00%,-0
Fungafine,-0,-0,-0.00%,-0
Fungasil,-0,-1,-100.00%,-1
Fungitech,-0,-0,-0.00%,-0
Fungorin,-0,-0,-0.00%,-0
Fungster,-0,-0,-0.00%,-0
Helvepedin,-0,-0,-0.00%,-0
Infud,-0,-0,-0.00%,-0
Interbi,-0,-0,-0.00%,-0
Kelger,-0,-0,-0.00%,-0
K-Micot,-0,-0,-0.00%,-0
Lamicosil,-0,-0,-0.00%,-0
Lamifen,-0,-0,-0.00%,-0
Laminox,-0,-0,-0.00%,-0
Lamisilate,-0,-14,-100.00%,-14
Lamisilatt,-0,-1,-100.00%,-1
Lamisilmono,-0,-0,-0.00%,-0
LamisilOnce,-0,-1,-100.00%,-1
Lanafine,-0,-1,-100.00%,-1
Lapiderm,-0,-0,-0.00%,-0
Limecin,-0,-0,-0.00%,-0
Lipnol,-0,-0,-0.00%,-0
Micoset,-0,-0,-0.00%,-0
Micozone,-0,-0,-0.00%,-0
Micutan,-0,-0,-0.00%,-0
Mikonafin,-0,-0,-0.00%,-0
Mucivil,-0,-0,-0.00%,-0
Mujonal,-0,-0,-0.00%,-0
Mycelvan,-0,-0,-0.00%,-0
Mycocur,-0,-0,-0.00%,-0
Mycodekan,-0,-0,-0.00%,-0
Mycofin,-0,-0,-0.00%,-0
Myconafine,-0,-0,-0.00%,-0
Myconormin,-0,-0,-0.00%,-0
Nafin,-0,-0,-0.00%,-0
Nailderm,-0,-0,-0.00%,-0
Onymax,-0,-0,-0.00%,-0
Piecidex,-0,-0,-0.00%,-0
Ramitect,-0,-0,-0.00%,-0
Romiver,-0,-0,-0.00%,-0
Rosile,-0,-0,-0.00%,-0
Sentoes,-0,-0,-0.00%,-0
Skinabin,-0,-0,-0.00%,-0
Soluterb,-0,-0,-0.00%,-0
Talixane,-0,-0,-0.00%,-0
Tamsil,-0,-0,-0.00%,-0
Tebeana,-0,-0,-0.00%,-0
Tebinaceil,-0,-0,-0.00%,-0
Tenasil,-0,-0,-0.00%,-0
Terafin,-0,-0,-0.00%,-0
Teranfis,-0,-0,-0.00%,-0
Terbafin,-0,-0,-0.00%,-0
Terbane,-0,-0,-0.00%,-0
Terbasil,-0,-0,-0.00%,-0
Terbex,-0,-0,-0.00%,-0
Terbicil,-0,-0,-0.00%,-0
Terbiderm,-0,-0,-0.00%,-0
Terbifil,-0,-0,-0.00%,-0
Terbifin,-0,-0,-0.00%,-0
Terbifung,-0,-0,-0.00%,-0
TerbiGALEN,-0,-0,-0.00%,-0
Terbigram,-0,-0,-0.00%,-0
Terbihexal,-0,-0,-0.00%,-0
Terbin,-0,-0,-0.00%,-0
Terbina,-0,-0,-0.00%,-0
Terbinafin,-1,-3,-75.00%,-4
Terbinal,-0,-0,-0.00%,-0
Terbinax,-0,-0,-0.00%,-0
Terbiprol,-0,-0,-0.00%,-0
Terbisil,-0,-2,-100.00%,-2
Terbiskin,-0,-0,-0.00%,-0
Terbistad,-0,-0,-0.00%,-0
Terbistada,-0,-0,-0.00%,-0
Terbital,-0,-0,-0.00%,-0
Terbonile,-0,-0,-0.00%,-0
Terby,-0,-0,-0.00%,-0
Terekol,-0,-0,-0.00%,-0
Ternafinol,-0,-0,-0.00%,-0
Tigal,-0,-0,-0.00%,-0
Tineafin,-0,-0,-0.00%,-0
Tineal,-0,-0,-0.00%,-0
Unasal,-0,-0,-0.00%,-0
Verbinaf,-0,-0,-0.00%,-0
Viras,-0,-0,-0.00%,-0
Xilatril,-0,-0,-0.00%,-0
Zelefion,-0,-0,-0.00%,-0
Erbitrax,-0,-0,-0.00%,-0
Ethersu,-0,-0,-0.00%,-0
Exinofin,-0,-0,-0.00%,-0
Fintrix,-0,-0,-0.00%,-0
Freederm,-0,-0,-0.00%,-0
FungiBan,-0,-0,-0.00%,-0
Fungicare,-0,-0,-0.00%,-0
Funginix,-0,-0,-0.00%,-0
Fungisafe,-0,-0,-0.00%,-0
Fungistate,-0,-0,-0.00%,-0
Fungocare,-0,-0,-0.00%,-0
Fungofin,-0,-0,-0.00%,-0
Fungoter,-0,-0,-0.00%,-0
Fungoterbin,-0,-0,-0.00%,-0
Funtopic,-0,-0,-0.00%,-0
Funtyl,-0,-0,-0.00%,-0
Fyterdin,-0,-0,-0.00%,-0
Geosil,-0,-0,-0.00%,-0
Glenisil,-0,-0,-0.00%,-0
Hifen,-0,-1,-100.00%,-1
Hongoderm,-0,-0,-0.00%,-0
Jye Mei,-0,-0,-0.00%,-0
Labizin,-0,-0,-0.00%,-0
Lamater,-0,-0,-0.00%,-0
Lamidizol,-0,-0,-0.00%,-0
Lamifine,-0,-0,-0.00%,-0
Lamigard,-0,-0,-0.00%,-0
Lamilex,-0,-0,-0.00%,-0
Lamitel,-0,-0,-0.00%,-0
Lamiter,-0,-0,-0.00%,-0
Lamitin,-0,-0,-0.00%,-0
Lamonan,-0,-0,-0.00%,-0
Laniten,-0,-0,-0.00%,-0
Lan Meishu,-0,-0,-0.00%,-0
Lemarso,-0,-0,-0.00%,-0
Lerbin,-0,-0,-0.00%,-0
Lespo,-0,-0,-0.00%,-0
Lifongid,-0,-0,-0.00%,-0
Lisim,-0,-0,-0.00%,-0
Lonasil,-0,-0,-0.00%,-0
Lorentil,-0,-0,-0.00%,-0
Losinol,-0,-0,-0.00%,-0
Maditez,-0,-0,-0.00%,-0
Mayfung terbinafin,-0,-0,-0.00%,-0
Medofloran,-0,-0,-0.00%,-0
Micasil,-0,-0,-0.00%,-0
Micofinal,-0,-0,-0.00%,-0
Micoklon,-0,-0,-0.00%,-0
Micomisil,-0,-0,-0.00%,-0
Miconorm,-0,-0,-0.00%,-0
Micosil,-0,-0,-0.00%,-0
Micostop,-0,-0,-0.00%,-0
Micoterat,-0,-0,-0.00%,-0
Micoterbin,-0,-0,-0.00%,-0
Misymia,-0,-0,-0.00%,-0
Murazol,-0,-0,-0.00%,-0
Muzome,-0,-0,-0.00%,-0
Muzona,-0,-0,-0.00%,-0
Muzonal,-0,-0,-0.00%,-0
Mycofem,-0,-0,-0.00%,-0
Myconorm,-0,-0,-0.00%,-0
Mycoterbine,-0,-0,-0.00%,-0
Nabisil,-0,-0,-0.00%,-0
Nafich,-0,-0,-0.00%,-0
Nafina GMP,-0,-0,-0.00%,-0
Namigin,-0,-0,-0.00%,-0
Namisol,-0,-0,-0.00%,-0
Namuzol,-0,-0,-0.00%,-0
Namuzole,-0,-0,-0.00%,-0
Nanisil,-0,-0,-0.00%,-0
Natocil,-0,-0,-0.00%,-0
Nedoril,-0,-0,-0.00%,-0
Negafen,-0,-0,-0.00%,-0
Newpang,-0,-0,-0.00%,-0
Onchofin,-0,-0,-0.00%,-0
Onifine,-0,-0,-0.00%,-0
Onycal,-0,-0,-0.00%,-0
Onychon,-0,-0,-0.00%,-0
Orlasil,-0,-0,-0.00%,-0
Otenol,-0,-0,-0.00%,-0
Phyte,-0,-0,-0.00%,-0
Repliderm,-0,-0,-0.00%,-0
Riatebifine,-0,-0,-0.00%,-0
Rixoba,-0,-0,-0.00%,-0
Sebifin,-1,-2,-66.67%,-3
Sendasil,-0,-0,-0.00%,-0
Silka,-0,-0,-0.00%,-0
Silka Medic,-0,-3,-100.00%,-3
Sinamida Terbinafina,-0,-0,-0.00%,-0
SolvEasy Tinea,-0,-0,-0.00%,-0
Tacna,-0,-0,-0.00%,-0
Tinasil,-0,-0,-0.00%,-0
Tebafine,-0,-0,-0.00%,-0
Tebif,-0,-0,-0.00%,-0
Tebina,-0,-2,-100.00%,-2
Tebinisil,-0,-0,-0.00%,-0
Tefin,-0,-0,-0.00%,-0
Teguma,-0,-0,-0.00%,-0
Telami,-0,-0,-0.00%,-0
Telbina,-0,-0,-0.00%,-0
Telfin,-0,-0,-0.00%,-0
Tenaban,-0,-0,-0.00%,-0
Tenapine,-0,-0,-0.00%,-0
Tenavine,-0,-0,-0.00%,-0
Tenazole,-0,-0,-0.00%,-0
Terabin,-0,-0,-0.00%,-0
Teraderm,-0,-0,-0.00%,-0
Terafan,-0,-0,-0.00%,-0
Terbanin,-0,-0,-0.00%,-0
Terbecomasil,-0,-0,-0.00%,-0
Terbest,-0,-0,-0.00%,-0
Terbicip,-0,-1,-100.00%,-1
Terbiclin,-0,-0,-0.00%,-0
Terbicrat,-0,-0,-0.00%,-0
Terbiforce,-0,-0,-0.00%,-0
Terbifungi,-0,-0,-0.00%,-0
Terbikem,-0,-0,-0.00%,-0
Terbilab,-0,-0,-0.00%,-0
Terbilazar,-0,-0,-0.00%,-0
Terbilum,-0,-0,-0.00%,-0
Terbimax,-0,-0,-0.00%,-0
Terbinafina,-0,-32,-100.00%,-32
Terbinafin-isis,-0,-0,-0.00%,-0
Terbinafinum,-0,-0,-0.00%,-0
Terbinator,-0,-0,-0.00%,-0
Terbiner,-0,-0,-0.00%,-0
Terbinew,-0,-0,-0.00%,-0
Terbinex,-1,-0,-0.00%,-1
Terbinox,-0,-0,-0.00%,-0
Terbinyl,-0,-0,-0.00%,-0
Terbisan,-0,-0,-0.00%,-0
Terbit,-0,-0,-0.00%,-0
Terbix,-0,-0,-0.00%,-0
Terbized,-0,-0,-0.00%,-0
Terbo,-0,-0,-0.00%,-0
Terbofin,-0,-0,-0.00%,-0
Tercyd,-0,-0,-0.00%,-0
Terfast,-0,-0,-0.00%,-0
Terfenam,-0,-0,-0.00%,-0
Terfex,-0,-0,-0.00%,-0
Terfimed,-0,-0,-0.00%,-0
Terfin,-0,-0,-0.00%,-0
Terfina,-0,-0,-0.00%,-0
Terfine,-0,-0,-0.00%,-0
Terfinil,-0,-0,-0.00%,-0
Terfinor,-0,-0,-0.00%,-0
Terfiren,-0,-0,-0.00%,-0
Terfung,-0,-0,-0.00%,-0
Tergosil,-0,-0,-0.00%,-0
Terinateva,-0,-0,-0.00%,-0
Terix,-0,-5,-100.00%,-5
Terlamine,-0,-0,-0.00%,-0
Terlisgen,-0,-0,-0.00%,-0
Termicon,-0,-0,-0.00%,-0
Termider,-0,-0,-0.00%,-0
Termisil,-0,-0,-0.00%,-0
Termycol,-0,-0,-0.00%,-0
Ternabin,-0,-0,-0.00%,-0
Ternaf,-0,-0,-0.00%,-0
Ternafin,-0,-0,-0.00%,-0
Terneat,-0,-0,-0.00%,-0
Terpin,-0,-1,-100.00%,-1
Tersilat,-0,-0,-0.00%,-0
Thateron,-0,-0,-0.00%,-0
Timefin,-0,-0,-0.00%,-0
Tinabin,-0,-0,-0.00%,-0
Tinabine,-0,-0,-0.00%,-0
Tinafine,-0,-0,-0.00%,-0
Undofen Max,-0,-0,-0.00%,-0
Ungusan,-0,-0,-0.00%,-0
Virnosil,-0,-0,-0.00%,-0
Wafine,-0,-0,-0.00%,-0
Zakofin,-0,-0,-0.00%,-0
Zimig,-1,-1,-50.00%,-2
Anyzone,-0,-0,-0.00%,-0
clobetasol,-6,-244,-97.60%,-250
Cloridtrato de Terbinafina,-0,-0,-0.00%,-0
Abasaglar,-0,-0,-0.00%,-0
Basagine,-0,-0,-0.00%,-0
Basalin,-0,-0,-0.00%,-0
Basalog,-0,-0,-0.00%,-0
Basugine,-0,-0,-0.00%,-0
Bonglixan,-0,-0,-0.00%,-0
Glaritus,-0,-0,-0.00%,-0
Glarvia,-0,-0,-0.00%,-0
Optisulin,-0,-1,-100.00%,-1
Toujeo,-6,-6,-50.00%,-12
Vibrenta,-0,-0,-0.00%,-0
Callexe,-0,-0,-0.00%,-0
Ceumid,-0,-0,-0.00%,-0
Cezarius,-0,-0,-0.00%,-0
Citazar,-0,-0,-0.00%,-0
Confilev,-0,-0,-0.00%,-0
Desitrend,-0,-0,-0.00%,-0
Dretacen,-0,-0,-0.00%,-0
Eletam,-0,-0,-0.00%,-0
Eliptus,-0,-0,-0.00%,-0
Epictal,-0,-0,-0.00%,-0
Epilen,-0,-0,-0.00%,-0
Epilive,-0,-0,-0.00%,-0
Epitam,-0,-0,-0.00%,-0
Epiterra,-0,-0,-0.00%,-0
Epitiram,-0,-0,-0.00%,-0
Epixx,-0,-0,-0.00%,-0
Eprilexan,-0,-0,-0.00%,-0
Eurolevetir,-0,-0,-0.00%,-0
Exitelev,-0,-0,-0.00%,-0
Felcetam,-0,-0,-0.00%,-0
Fritolev,-0,-0,-0.00%,-0
Futatreat,-0,-0,-0.00%,-0
Ictacetam,-0,-0,-0.00%,-0
Ictafin,-0,-0,-0.00%,-0
Iracet,-0,-0,-0.00%,-0
Italept,-0,-0,-0.00%,-0
Ivetra,-0,-0,-0.00%,-0
Julitam,-0,-0,-0.00%,-0
Kapidokor,-0,-0,-0.00%,-0
Kepcet,-0,-0,-0.00%,-0
Kepiram,-0,-0,-0.00%,-0
Kepra,-0,-0,-0.00%,-0
Kepradil,-0,-0,-0.00%,-0
Kepreptol,-0,-0,-0.00%,-0
Kevesy,-0,-0,-0.00%,-0
Kevtam,-0,-0,-0.00%,-0
Klevra,-0,-0,-0.00%,-0
Komviron,-0,-0,-0.00%,-0
Kopodex,-0,-0,-0.00%,-0
Kredit,-0,-4,-100.00%,-4
Laurak,-0,-0,-0.00%,-0
Lekra,-0,-0,-0.00%,-0
Lenerve,-0,-0,-0.00%,-0
Lepitam,-0,-0,-0.00%,-0
Lepsitam,-0,-0,-0.00%,-0
Leptica,-0,-0,-0.00%,-0
Letampin,-0,-0,-0.00%,-0
Letiramyl,-0,-0,-0.00%,-0
Letram,-0,-0,-0.00%,-0
Levacetam,-0,-0,-0.00%,-0
Levebon,-0,-0,-0.00%,-0
Levecad,-0,-0,-0.00%,-0
Levecetam,-0,-0,-0.00%,-0
Levecom,-0,-0,-0.00%,-0
Levedia,-0,-0,-0.00%,-0
Levefree,-0,-0,-0.00%,-0
Levelan,-0,-0,-0.00%,-0
Levelanz,-0,-0,-0.00%,-0
Levelept,-0,-0,-0.00%,-0
Levemax,-0,-0,-0.00%,-0
Levemed,-0,-0,-0.00%,-0
Lev-End,-0,-0,-0.00%,-0
Levenue,-0,-0,-0.00%,-0
Levepex,-0,-0,-0.00%,-0
Levepsy,-0,-0,-0.00%,-0
Levera,-1,-4,-80.00%,-5
Levesam,-0,-0,-0.00%,-0
Levetam,-0,-0,-0.00%,-0
Levetinol,-0,-0,-0.00%,-0
Levetiracetamum,-0,-1,-100.00%,-1
Levetiragamma,-0,-0,-0.00%,-0
Levexx,-0,-0,-0.00%,-0
Leviflex,-0,-0,-0.00%,-0
Levilex,-0,-0,-0.00%,-0
Levim,-0,-0,-0.00%,-0
Levipil,-1,-1,-50.00%,-2
Levipram,-0,-0,-0.00%,-0
Levirotin,-0,-0,-0.00%,-0
Levit,-0,-3,-100.00%,-3
Levitaccord,-0,-0,-0.00%,-0
Levitam,-0,-0,-0.00%,-0
Levore,-0,-0,-0.00%,-0
Levotam,-0,-0,-0.00%,-0
Levroxa,-0,-0,-0.00%,-0
Levtam,-0,-0,-0.00%,-0
Livatira,-0,-0,-0.00%,-0
Lovos,-0,-0,-0.00%,-0
Lumark,-0,-0,-0.00%,-0
Lyvam,-0,-0,-0.00%,-0
Matever,-0,-1,-100.00%,-1
Meldiban,-0,-0,-0.00%,-0
Molival,-0,-0,-0.00%,-0
Netrolex,-0,-0,-0.00%,-0
Nobelin,-0,-0,-0.00%,-0
Noepix,-0,-0,-0.00%,-0
Normeg,-0,-0,-0.00%,-0
Odyparx,-0,-0,-0.00%,-0
Pegra,-0,-0,-0.00%,-0
Pisarpek,-0,-0,-0.00%,-0
Polkepral,-0,-0,-0.00%,-0
Prebb,-0,-0,-0.00%,-0
Pterocyn,-0,-0,-0.00%,-0
Quetra,-0,-0,-0.00%,-0
Redilev,-0,-0,-0.00%,-0
Repitend,-0,-0,-0.00%,-0
Seizam,-0,-0,-0.00%,-0
Seizurless,-0,-0,-0.00%,-0
Staretam,-0,-0,-0.00%,-0
Sycocetam,-0,-0,-0.00%,-0
Symetra,-0,-0,-0.00%,-0
Tinacetam,-0,-0,-0.00%,-0
Tiralepsy,-0,-0,-0.00%,-0
Tiram,-0,-1,-100.00%,-1
Tiraprob,-0,-0,-0.00%,-0
Tiratam,-0,-0,-0.00%,-0
Tirbas,-0,-0,-0.00%,-0
Torleva,-0,-7,-100.00%,-7
Trinovume,-0,-0,-0.00%,-0
Trund,-0,-0,-0.00%,-0
Ufree,-0,-0,-0.00%,-0
Vecetam,-0,-0,-0.00%,-0
Vetira,-0,-0,-0.00%,-0
Vetrawin,-0,-0,-0.00%,-0
Vetria,-0,-0,-0.00%,-0
Xitucira,-0,-0,-0.00%,-0
Zelta,-0,-1,-100.00%,-1
Fungoterbine neo,-0,-0,-0.00%,-0
Mezo t,-0,-0,-0.00%,-0
Momoz-T,-0,-0,-0.00%,-0
Momstar T,-0,-0,-0.00%,-0
O2 derm,-0,-0,-0.00%,-0
Panderm plus,-0,-0,-0.00%,-0
Soltop T,-0,-0,-0.00%,-0
Terbinator m,-0,-0,-0.00%,-0
Terbofin Plus,-0,-0,-0.00%,-0
Terfin f,-0,-0,-0.00%,-0
Adaphen,-0,-0,-0.00%,-0
Addwize,-6,-4,-40.00%,-10
Aradix,-3,-0,-0.00%,-3
Attenta,-5,-1,-16.67%,-6
Centedrin,-0,-0,-0.00%,-0
Equasym,-37,-16,-30.19%,-53
Inspiral,-3,-2,-40.00%,-5
Lorentin,-0,-0,-0.00%,-0
Matoride,-0,-2,-100.00%,-2
Medadate,-5,-0,-0.00%,-5
Medicebran,-0,-0,-0.00%,-0
Medikinet,-68,-22,-24.44%,-90
Metadate,-124,-36,-22.50%,-160
Methylphenidat,-15,-10,-40.00%,-25
Methylphenidatum,-0,-0,-0.00%,-0
Metilfenidato,-2,-6,-75.00%,-8
Metrans,-0,-0,-0.00%,-0
Motiron,-7,-5,-41.67%,-12
Nebapul,-0,-0,-0.00%,-0
Penid,-3,-1,-25.00%,-4
Phenida,-3,-2,-40.00%,-5
Prohiper,-0,-0,-0.00%,-0
Quasym,-3,-2,-40.00%,-5
Riphenidate,-0,-0,-0.00%,-0
Ritalina,-11,-24,-68.57%,-35
Ritaline,-20,-11,-35.48%,-31
Ritrocel,-0,-0,-0.00%,-0
Tradea,-2,-0,-0.00%,-2
Tranquilyn,-5,-2,-28.57%,-7
Methylfenidaat,-7,-4,-36.36%,-11
Methylfenidaathydrochloride,-0,-0,-0.00%,-0
Methylfenidati,-0,-0,-0.00%,-0
Methylpheni,-0,-0,-0.00%,-0
Methylphenidathydrochlorid,-2,-0,-0.00%,-2
Methylphenidati,-0,-0,-0.00%,-0
fluticasone propionate,-24,-197,-89.14%,-221
e-cig,-68,-35,-33.98%,-103
ENDS,-0,-0,-0.00%,-0
vape pen,-58,-29,-33.33%,-87
hookah pen,-0,-1,-100.00%,-1
e-cigar,-0,-0,-0.00%,-0
e-pipe,-0,-0,-0.00%,-0
mod,-0,-0,-0.00%,-0
Blu,-9,-25,-73.53%,-34
Logic,-0,-0,-0.00%,-0
NJOY,-0,-0,-0.00%,-0
MarkTen,-0,-0,-0.00%,-0
Vuse,-0,-0,-0.00%,-0
Halo,-0,-0,-0.00%,-0
Ego,-0,-3,-100.00%,-3
Nicoderm CQ,-20,-26,-56.52%,-46
Dextromethorphan,-569,-250,-30.53%,-819
Banana Boat Spray Sunscreen,-0,-0,-0.00%,-0
Oxtellar,-11,-2,-15.38%,-13
Levrix,-0,-0,-0.00%,-0
Zuplenz,-0,-2,-100.00%,-2
Elvanse,-35,-5,-12.50%,-40
Tyvense,-2,-0,-0.00%,-2
Venvanse,-1,-0,-0.00%,-1
Fazaclo,-1,-18,-94.74%,-19
Tenex,-43,-30,-41.10%,-73
Elepsia,-0,-0,-0.00%,-0
Emtriva,-0,-0,-0.00%,-0
Prinivil,-6,-381,-98.45%,-387
Zestril,-9,-555,-98.40%,-564
alfluzosin,-0,-0,-0.00%,-0
Uroxatral,-1,-182,-99.45%,-183
Xatral,-0,-16,-100.00%,-16
dexmethylphenidate,-188,-49,-20.68%,-237
Focalin,-1021,-358,-25.96%,-1379
Attenade,-5,-0,-0.00%,-5
Dextrostat,-19,-2,-9.52%,-21
Zenzedi,-3,-0,-0.00%,-3
Procentra,-1,-0,-0.00%,-1
exemestane,-182,-99,-35.23%,-281
Aromasin,-734,-464,-38.73%,-1198
fenofibrate,-9,-341,-97.43%,-350
Tricor,-6,-306,-98.08%,-312
Lipofen,-0,-6,-100.00%,-6
Triglide,-0,-7,-100.00%,-7
Fenoglide,-0,-4,-100.00%,-4
Lofibra,-0,-6,-100.00%,-6
levalbuterol,-3,-2,-40.00%,-5
Xopenex,-10,-28,-73.68%,-38
mesalamine,-18,-208,-92.04%,-226
Lialda,-26,-72,-73.47%,-98
Pentasa,-45,-176,-79.64%,-221
Asacol,-35,-374,-91.44%,-409
Desoxyn,-330,-111,-25.17%,-441
methamphetamine,-945,-340,-26.46%,-1285
niacin,-48,-278,-85.28%,-326
Nicotinic Acid,-2,-11,-84.62%,-13
Niacor,-0,-0,-0.00%,-0
Sio-Niacin,-0,-0,-0.00%,-0
nitrofurantoin,-8,-322,-97.58%,-330
Furadantin,-0,-162,-100.00%,-162
Macrobid,-4,-251,-98.43%,-255
Macrodantin,-2,-43,-95.56%,-45
pantoprazole,-33,-642,-95.11%,-675
Protonix,-23,-804,-97.22%,-827
rosuvastatin,-20,-511,-96.23%,-531
solifenacin,-1,-115,-99.14%,-116
Vesicare,-1,-179,-99.44%,-180
tenofovir disoproxil fumarate,-3,-15,-83.33%,-18
ursodeoxycholate,-0,-0,-0.00%,-0
Actigall,-2,-50,-96.15%,-52
zaleplon,-72,-27,-27.27%,-99
Starnoc,-1,-0,-0.00%,-1
Evekeo,-1,-0,-0.00%,-1
amphetamine,-3703,-1626,-30.51%,-5329
sulfamethoxazole,-17,-198,-92.09%,-215
Gantanol,-0,-0,-0.00%,-0
trimethoprim,-18,-233,-92.83%,-251
Trimpex,-0,-0,-0.00%,-0
Proloprim,-0,-1,-100.00%,-1
Primsol,-0,-2,-100.00%,-2
Alpharadin,-2,-0,-0.00%,-2
Abasria,-0,-1,-100.00%,-1
Podevta,-0,-0,-0.00%,-0
Alvotiracetam,-0,-0,-0.00%,-0
Epicetam,-0,-0,-0.00%,-0
Epilatam,-0,-0,-0.00%,-0
Epileptal,-0,-0,-0.00%,-0
Epiletam,-0,-0,-0.00%,-0
Levaxon,-0,-0,-0.00%,-0
Levepil,-0,-0,-0.00%,-0
Levetir,-0,-0,-0.00%,-0
Levoraka,-0,-0,-0.00%,-0
Rimstilacetam,-0,-0,-0.00%,-0
Torcetam,-0,-0,-0.00%,-0
Meperine,-0,-0,-0.00%,-0
Perospin,-0,-0,-0.00%,-0
Pherospin,-0,-0,-0.00%,-0
Sorenic,-0,-0,-0.00%,-0
Defungals,-0,-0,-0.00%,-0
Dernasil,-0,-0,-0.00%,-0
Fongeal,-0,-0,-0.00%,-0
Fungizid Extra,-0,-0,-0.00%,-0
Lamifortan active,-0,-0,-0.00%,-0
Lamispor,-0,-0,-0.00%,-0
Micoter,-0,-0,-0.00%,-0
Micozil,-0,-0,-0.00%,-0
Telmisar,-0,-0,-0.00%,-0
Terbinasil,-0,-0,-0.00%,-0
Terbincool,-0,-0,-0.00%,-0
Terbizede,-0,-0,-0.00%,-0
Terbotac,-0,-0,-0.00%,-0
Tiersil once,-0,-0,-0.00%,-0
Tinafin,-0,-0,-0.00%,-0
Tinisil,-0,-0,-0.00%,-0
Dormosol,-0,-0,-0.00%,-0
Hipnoton,-0,-0,-0.00%,-0
Ladinox,-0,-0,-0.00%,-0
Stilram,-0,-0,-0.00%,-0
Syntilnox,-0,-0,-0.00%,-0
Zolpeduar,-0,-0,-0.00%,-0
Zolpi lich,-0,-0,-0.00%,-0
Zolpi-Med,-0,-0,-0.00%,-0
Zolpi-Q,-0,-0,-0.00%,-0
Cloridrato de Terbinafina,-0,-1,-100.00%,-1
Flonase + active ingredients,-0,-0,-0.00%,-0
Breo Ellipta + active ingredients,-0,-0,-0.00%,-0
Tanzeum + active ingredients,-0,-0,-0.00%,-0
Benlysta (Belimumab),-0,-0,-0.00%,-0
Tecfidera + active ingredients,-0,-0,-0.00%,-0
Cosentyx,-18,-18,-50.00%,-36
secukinumab,-10,-5,-33.33%,-15
Complera,-1,-5,-83.33%,-6
darunavir,-3,-10,-76.92%,-13
GilbertTest5,-0,-0,-0.00%,-0
Acarbosa,-0,-1,-100.00%,-1
Adalate,-0,-2,-100.00%,-2
MabCampath,-0,-0,-0.00%,-0
Endocort,-52,-71,-57.72%,-123
Leponex,-6,-36,-85.71%,-42
Digaril,-0,-0,-0.00%,-0
Epitomax,-0,-18,-100.00%,-18
Xeplion,-2,-6,-75.00%,-8
albiglutide (Eperzan, Tanzeum),-0,-0,-0.00%,-0
albuterol (Ventolin and salbutamol),-0,-0,-0.00%,-0
Entresto,-0,-1,-100.00%,-1
sacubitril and valsartan,-0,-0,-0.00%,-0
sacubitril,-0,-3,-100.00%,-3
Ifex,-0,-0,-0.00%,-0
FauxRx15,-0,-0,-0.00%,-0
HPV vaccines,-0,-0,-0.00%,-0
Humalog,-0,-0,-0.00%,-0
Gliclazide,-0,-0,-0.00%,-0
Berberine,-0,-0,-0.00%,-0
Omneprazole,-0,-0,-0.00%,-0
Taxotere,-0,-0,-0.00%,-0
Bleomycin,-0,-0,-0.00%,-0
ocimedipe,-0,-0,-0.00%,-0
Creon,-11,-11,-50.00%,-22
levobupivacaine,-0,-0,-0.00%,-0
Duopa,-0,-0,-0.00%,-0
ledipasvir and sofosbuvir,-0,-0,-0.00%,-0
Viekira,-0,-0,-0.00%,-0
dasabuvir and ombitasvir/paritaprevir/ritonavir,-1,-0,-0.00%,-1
Haldol,-0,-0,-0.00%,-0
lidocaine,-0,-0,-0.00%,-0
Ketamine,-0,-0,-0.00%,-0
Visine,-0,-0,-0.00%,-0
Vokanamet,-0,-0,-0.00%,-0
OneTouch,-0,-0,-0.00%,-0
OneTouch Verio,-0,-0,-0.00%,-0
OneTouch VerioIQ,-0,-0,-0.00%,-0
OneTouch VerioSync,-0,-0,-0.00%,-0
OneTouch Ultra,-0,-0,-0.00%,-0
OneTouch Ultra2,-0,-0,-0.00%,-0
OneTouch UltraMini,-0,-0,-0.00%,-0
fentanyl transdermal,-0,-0,-0.00%,-0
canagliflozin and metformin,-0,-0,-0.00%,-0
Adolonta,-0,-0,-0.00%,-0
Contramal,-0,-0,-0.00%,-0
Fortradol,-0,-0,-0.00%,-0
Nobligan,-0,-0,-0.00%,-0
Topalgic,-0,-0,-0.00%,-0
Tradol,-0,-0,-0.00%,-0
Tramal,-0,-0,-0.00%,-0
Trodon,-0,-0,-0.00%,-0
tramadol/apap,-0,-0,-0.00%,-0
Primiza,-0,-0,-0.00%,-0
Tialgin,-0,-0,-0.00%,-0
Ixprim,-0,-0,-0.00%,-0
Dolcet,-0,-0,-0.00%,-0
Kolibri,-0,-0,-0.00%,-0
Pazital,-0,-0,-0.00%,-0
Pontalsic,-0,-0,-0.00%,-0
Zaldiar,-0,-0,-0.00%,-0
Durotep,-0,-0,-0.00%,-0
Caelyx,-0,-0,-0.00%,-0
epoetin alfa,-0,-0,-0.00%,-0
Eprex,-0,-0,-0.00%,-0
norelgestromin,-0,-0,-0.00%,-0
Ortho Evra,-0,-0,-0.00%,-0
Cilest,-0,-0,-0.00%,-0
Mononessa,-0,-0,-0.00%,-0
Ortho Cyclen,-0,-0,-0.00%,-0
Ortho Tricyclen,-0,-0,-0.00%,-0
Pramino,-0,-0,-0.00%,-0
Ortho Tricyclen Lo,-0,-0,-0.00%,-0
Tricilest,-0,-0,-0.00%,-0
Trinessa,-0,-0,-0.00%,-0
Topina,-0,-0,-0.00%,-0
trabectedin,-0,-0,-0.00%,-0
Yondelis,-0,-0,-0.00%,-0
galantamine,-0,-0,-0.00%,-0
Brenoxal,-0,-0,-0.00%,-0
Razadyne,-0,-0,-0.00%,-0
Reminyl,-0,-0,-0.00%,-0
haloperidol,-0,-0,-0.00%,-0
Serenase,-0,-0,-0.00%,-0
Halomonth,-0,-0,-0.00%,-0
Neoperidol,-0,-0,-0.00%,-0
Incivo,-0,-0,-0.00%,-0
Chirocaine,-0,-0,-0.00%,-0
Anele,-0,-0,-0.00%,-0
Humira (adalimumab),-0,-0,-0.00%,-0
Viekira (dasabuvir and ombitasvir/paritaprevir/ritonavir),-0,-0,-0.00%,-0
Harvoni (ledipasvir and sofosbuvir),-0,-0,-0.00%,-0
Duopa (carbidopa/levodopa),-0,-0,-0.00%,-0
Chirocaine (levobupivacaine),-0,-0,-0.00%,-0
Creon (pancrelipase),-0,-0,-0.00%,-0
cetirizine (Zyrtec),-0,-0,-0.00%,-0
canagliflozin (Invokana),-0,-0,-0.00%,-0
canagliflozin and metformin (Vokanamet),-0,-0,-0.00%,-0
ibrutinib (Imbruvica),-0,-0,-0.00%,-0
methylphenidate (Concerta, Concerta ER),-0,-0,-0.00%,-0
rivaroxaban (Xarelto),-0,-0,-0.00%,-0
simeprevir (Olysio),-0,-0,-0.00%,-0
abiraterone acetate (Zytiga),-0,-0,-0.00%,-0
darunavir (Prezista),-0,-0,-0.00%,-0
etravirine (Intelence),-0,-0,-0.00%,-0
fentanyl transdermal (Duragesic, Durotep),-0,-0,-0.00%,-0
tapentadol (Nucynta, Palexia),-0,-0,-0.00%,-0
tramadol/apap (Primiza, Tialgin, Tramacet, Ultracet, Ixprim, Dolcet, Pazital, Pontalsic, Zaldiar),-0,-0,-0.00%,-0
loperamide and simethicone (Imodium Multi-Symptom),-0,-0,-0.00%,-0
doxorubicin (Doxil, Caelyx),-0,-0,-0.00%,-0
epoetin alfa (Eprex),-0,-0,-0.00%,-0
golimumab (Simponi Aria),-0,-0,-0.00%,-0
infliximab (Remicade),-0,-0,-0.00%,-0
norelgestromin (Ortho Evra),-0,-0,-0.00%,-0
norgestimate and ethinyl estradiol (Cilest, Mononessa, Ortho Cyclen, Ortho Tricyclen, Ortho Tricyclen Lo, Pramino, Tricilest, Trinessa),-0,-0,-0.00%,-0
risperidone (Risperdal),-0,-0,-0.00%,-0
telaprevir (Incivo),-0,-0,-0.00%,-0
topiramate (Topamax, Epitomax, Topina),-0,-0,-0.00%,-0
trabectedin (Yondelis),-0,-0,-0.00%,-0
ustekinumab (Stelara),-0,-0,-0.00%,-0
galantamine (Brenoxal, Razadyne, Reminyl),-0,-0,-0.00%,-0
haloperidol (Haldol, Serenase, Halomonth, Neoperidol),-0,-0,-0.00%,-0
rilpivirine (Edurant),-0,-0,-0.00%,-0
tramadol hcl (Adolonta, Contramal, Fortradol, Nobligan, Topalgic, Tradol, Tramal, Trodon, Ultram, Zydol),-0,-0,-0.00%,-0
Esmya,-0,-0,-0.00%,-0
Glyxambi,-0,-0,-0.00%,-0
